0.0
286.0
571.0
857.0
1143.0
1643.0
2857.0
3429.0
3714.0
4000.0
4143.0
4286.0
4429.0
4571.0
4714.0
4857.0
5000.0
5143.0
5286.0
5429.0
5571.0
5714.0
5857.0
6000.0
6143.0
6286.0
6429.0
6571.0
6857.0
8571.0
9429.0
9714.0
10000.0
10286.0
10571.0
10857.0
11143.0
11429.0
11571.0
11857.0
12286.0
12571.0
12857.0
13286.0
13714.0
16714.0
17143.0
17429.0
17571.0
17857.0
18000.0
18143.0
18286.0
18429.0
18571.0
18857.0
19143.0
19286.0
19429.0
19571.0
19857.0
20353.0
20706.0
22188.0
22541.0
22994.0
23819.0
24002.0
24188.0
24375.0
24838.0
25301.0
25764.0
26227.0
26690.0
27152.0
27734.0
28319.0
28882.0
29706.0
30531.0
30882.0
31234.0
31319.0
31505.0
31690.0
31875.0
32061.0
32247.0
32433.0
32619.0
33188.0
34002.0
34465.0
36152.0
36404.0
36656.0
36842.0
37028.0
37270.0
37521.0
37607.0
37793.0
37979.0
38165.0
38351.0
38813.0
39527.0
39879.0
40329.0
40758.0
42840.0
43279.0
43820.0
44375.0
44697.0
45029.0
45584.0
46029.0
46500.0
46945.0
47267.0
47697.0
48143.0
48955.0
51197.0
51643.0
52084.0
52529.0
53074.0
53519.0
54041.0
54584.0
55139.0
55651.0
56197.0
56742.0
57288.0
57734.0
58279.0
58825.0
59370.0
59915.0
60329.0
60758.0
62840.0
63279.0
63820.0
64375.0
64697.0
64919.0
65141.0
65363.0
65585.0
65807.0
66029.0
66251.0
66473.0
66695.0
67025.0
68168.0
68714.0
69359.0
70000.0
70645.0
70867.0
71089.0
71311.0
71533.0
71755.0
72085.0
73129.0
73568.0
74214.0
75645.0
76085.0
76525.0
77069.0
78993.0
79433.0
79873.0
80357.0
80682.0
81008.0
81334.0
81659.0
82085.0
82511.0
83182.0
83407.0
83733.0
84059.0
84385.0
84811.0
85237.0
89048.0
89474.0
89899.0
90325.0
90651.0
90977.0
91303.0
91629.0
92200.0
92871.0
93297.0
93723.0
94149.0
94475.0
94801.0
95127.0
95453.0
95779.0
96105.0
96776.0
97202.0
97528.0
97854.0
98180.0
98506.0
98832.0
99158.0
99484.0
99810.0
100353.0
100706.0
102188.0
102541.0
102904.0
103257.0
103610.0
103963.0
104076.0
104188.0
104301.0
104413.0
104525.0
104637.0
104749.0
104861.0
104973.0
105085.0
105197.0
105309.0
105421.0
105533.0
105645.0
105757.0
105869.0
105981.0
106093.0
106205.0
106317.0
106429.0
106541.0
106653.0
106765.0
106877.0
106989.0
107101.0
107213.0
107325.0
107437.0
107549.0
107661.0
107773.0
107885.0
107997.0
108109.0
108120.0
108232.0
108344.0
108816.0
109169.0
109522.0
109885.0
109976.0
110068.0
110159.0
110251.0
110343.0
110435.0
110526.0
110618.0
110709.0
110801.0
110893.0
110985.0
111076.0
111168.0
111260.0
111352.0
111444.0
111535.0
111627.0
125455.0
126061.0
126292.0
126523.0
126754.0
127023.0
127529.0
128135.0
128741.0
129529.0
129809.0
130040.0
130261.0
130482.0
130703.0
131109.0
131515.0
134455.0
134851.0
135247.0
135643.0
136039.0
136435.0
136754.0
137078.0
137408.0
137732.0
138056.0
138452.0
138584.0
138815.0
139040.0
139261.0
139482.0
139703.0
139835.0
140385.0
140940.0
141760.0
142215.0
142539.0
142863.0
143187.0
143642.0
144097.0
144552.0
145007.0
145462.0
145917.0
146372.0
146827.0
147282.0
147737.0
148192.0
148647.0
149102.0
149557.0
149912.0
150097.0
150282.0
150467.0
150652.0
150837.0
151022.0
151207.0
151392.0
151577.0
151762.0
151947.0
152132.0
152317.0
152502.0
152687.0
152872.0
153057.0
153242.0
153427.0
153612.0
153797.0
153982.0
154167.0
154352.0
154537.0
154722.0
154907.0
155092.0
155277.0
155462.0
155647.0
155832.0
156017.0
156202.0
156387.0
156572.0
156757.0
156942.0
157127.0
157312.0
157497.0
157682.0
157867.0
158052.0
158237.0
