20.0
368.0
542.0
798.0
1029.0
1180.0
1401.0
1563.0
1807.0
1970.0
2202.0
2353.0
2585.0
2759.0
2980.0
3154.0
3386.0
3559.0
3780.0
3966.0
4175.0
4350.0
4593.0
4767.0
4988.0
5162.0
5383.0
5557.0
5789.0
5951.0
6184.0
6346.0
6590.0
6753.0
6985.0
7159.0
7380.0
7554.0
7775.0
7950.0
8182.0
8356.0
8576.0
8762.0
8971.0
9157.0
9378.0
9552.0
9784.0
9958.0
10189.0
10364.0
10573.0
10758.0
10989.0
11164.0
11384.0
11558.0
11791.0
11953.0
12185.0
12359.0
12591.0
12754.0
12986.0
13159.0
13380.0
13554.0
13786.0
13959.0
14192.0
14300.0
20024.0
20350.0
20675.0
21023.0
21383.0
21708.0
22021.0
22393.0
22729.0
23078.0
23403.0
23739.0
24088.0
24424.0
24773.0
25110.0
25435.0
25783.0
26119.0
26468.0
26793.0
27130.0
27466.0
27803.0
28139.0
28488.0
28813.0
29150.0
29498.0
29835.0
30171.0
30508.0
30845.0
31181.0
31518.0
31855.0
32191.0
32516.0
32853.0
33190.0
33526.0
33863.0
34199.0
34536.0
34884.0
35221.0
35558.0
35894.0
36243.0
36568.0
36916.0
37253.0
37590.0
37915.0
38251.0
38599.0
38936.0
39273.0
39610.0
40024.0
40350.0
40698.0
41011.0
41371.0
41708.0
42033.0
42370.0
42707.0
43032.0
43379.0
43716.0
44041.0
44378.0
44714.0
45051.0
45376.0
45713.0
46050.0
46386.0
46711.0
47059.0
47385.0
47721.0
48046.0
48383.0
48719.0
49056.0
49381.0
49718.0
50043.0
50380.0
50716.0
51053.0
51389.0
51714.0
52051.0
52376.0
52713.0
53050.0
53386.0
53711.0
54048.0
54385.0
54721.0
55058.0
55383.0
55719.0
56056.0
56381.0
56718.0
57055.0
57380.0
57705.0
58042.0
58379.0
58715.0
59052.0
59377.0
59714.0
60239.0
60459.0
60679.0
60888.0
61000.0
61097.0
61318.0
61527.0
61747.0
61956.0
62177.0
62386.0
62595.0
62815.0
63024.0
63233.0
63454.0
63663.0
63883.0
64092.0
64301.0
64522.0
64731.0
64940.0
65159.0
65379.0
65599.0
65808.0
66017.0
66238.0
66447.0
66656.0
66876.0
67085.0
67306.0
67515.0
67724.0
67933.0
68153.0
68374.0
68583.0
68792.0
69012.0
69221.0
69430.0
69651.0
69859.0
70079.0
70288.0
70497.0
70706.0
70927.0
71136.0
71357.0
71565.0
71786.0
71995.0
72216.0
72425.0
72634.0
72854.0
73075.0
73284.0
73493.0
73702.0
73922.0
74131.0
74352.0
74573.0
74781.0
74990.0
80020.0
80357.0
80694.0
81020.0
81356.0
81681.0
82029.0
82355.0
82691.0
83028.0
83353.0
83690.0
84026.0
84351.0
84699.0
85025.0
85350.0
85698.0
86023.0
86359.0
86696.0
87021.0
87358.0
87695.0
88020.0
88356.0
88693.0
89029.0
89355.0
89691.0
90028.0
90353.0
90690.0
91026.0
91351.0
91699.0
92024.0
92350.0
92698.0
93023.0
93359.0
93696.0
94021.0
94358.0
94694.0
95020.0
95356.0
95693.0
96029.0
96354.0
96691.0
97028.0
97353.0
97690.0
98026.0
98351.0
98699.0
99024.0
99350.0
99698.0
100253.0
100497.0
100683.0
100892.0
101090.0
101299.0
101496.0
101693.0
101891.0
102088.0
102285.0
102483.0
102692.0
102889.0
103086.0
103295.0
103493.0
103690.0
103887.0
104085.0
104294.0
104491.0
104688.0
104897.0
105095.0
105292.0
105490.0
105687.0
105896.0
106093.0
106291.0
106499.0
106696.0
106894.0
107091.0
107290.0
107487.0
107696.0
107893.0
108091.0
108288.0
108497.0
108695.0
108892.0
109090.0
109287.0
109496.0
109693.0
109891.0
110088.0
110297.0
110495.0
110692.0
110890.0
111087.0
111296.0
111493.0
111691.0
111899.0
112096.0
112294.0
112491.0
112689.0
112898.0
113095.0
113293.0
113490.0
113687.0
113896.0
114094.0
114291.0
120020.0
120368.0
120577.0
120798.0
121146.0
121343.0
121575.0
121924.0
122132.0
122353.0
122690.0
122899.0
123108.0
123468.0
123677.0
123886.0
124222.0
124431.0
124652.0
124989.0
125186.0
125407.0
125743.0
125952.0
126161.0
126509.0
126707.0
126927.0
127264.0
127473.0
127693.0
128030.0
128239.0
128459.0
128784.0
128993.0
129202.0
129549.0
129758.0
129967.0
130304.0
130513.0
130722.0
131070.0
131279.0
131488.0
131825.0
132034.0
132243.0
132591.0
132788.0
133010.0
133347.0
133556.0
133776.0
134101.0
134322.0
134531.0
134868.0
135077.0
135286.0
135622.0
135831.0
136052.0
136389.0
136586.0
136807.0
137143.0
137352.0
137560.0
140020.0
140368.0
140728.0
141099.0
141459.0
141820.0
142179.0
142539.0
142899.0
143259.0
143619.0
143989.0
144337.0
144697.0
145057.0
145405.0
145765.0
146125.0
146485.0
146845.0
147193.0
147564.0
147912.0
148272.0
148632.0
148980.0
149339.0
149699.0
150059.0
150429.0
150789.0
151137.0
151508.0
151868.0
152216.0
152576.0
152936.0
153284.0
153644.0
154004.0
154352.0
154712.0
155072.0
155432.0
155780.0
156139.0
156509.0
156869.0
157229.0
157589.0
157949.0
158309.0
158669.0
159029.0
159389.0
159737.0
