353.0
706.0
2118.0
2471.0
2824.0
3176.0
12176.0
12529.0
12882.0
13059.0
13235.0
13412.0
13588.0
13765.0
13941.0
14118.0
14294.0
14471.0
14647.0
14824.0
15000.0
15176.0
15353.0
15529.0
15706.0
15882.0
16059.0
16235.0
16412.0
16588.0
16765.0
16941.0
17118.0
17294.0
17471.0
17647.0
17824.0
18000.0
18176.0
18353.0
18529.0
18706.0
18882.0
19059.0
19235.0
19412.0
19588.0
19765.0
20353.0
20706.0
22408.0
22761.0
23114.0
23557.0
23909.0
24120.0
24230.0
24441.0
24551.0
24661.0
24771.0
24881.0
24991.0
25101.0
25210.0
25432.0
25653.0
26000.0
26353.0
26706.0
26826.0
26946.0
27067.0
27187.0
27307.0
27428.0
27548.0
27669.0
27789.0
27900.0
28020.0
28140.0
28583.0
29465.0
29808.0
30151.0
30594.0
31037.0
31480.0
31594.0
31706.0
31826.0
31946.0
32067.0
32187.0
32307.0
32428.0
32548.0
32669.0
32789.0
32900.0
33020.0
33140.0
33583.0
34465.0
34808.0
35151.0
35594.0
35715.0
35835.0
35955.0
36076.0
36196.0
36316.0
36437.0
36557.0
36678.0
36898.0
37000.0
40329.0
40758.0
41264.0
41913.0
42875.0
43026.0
43187.0
43348.0
43509.0
43670.0
43831.0
44093.0
44254.0
44415.0
44576.0
44737.0
45569.0
46085.0
46415.0
46501.0
46931.0
47348.0
47864.0
48283.0
48899.0
49737.0
49899.0
50060.0
50221.0
50382.0
50543.0
50704.0
50865.0
51026.0
51187.0
51348.0
51509.0
51670.0
51831.0
52093.0
53026.0
53187.0
53348.0
53509.0
53670.0
53831.0
54093.0
54254.0
54415.0
54509.0
54576.0
54737.0
54828.0
55258.0
55775.0
56085.0
56204.0
56828.0
56989.0
57150.0
57311.0
57472.0
57633.0
57794.0
57955.0
58116.0
58277.0
58438.0
60300.0
60400.0
60600.0
60800.0
61000.0
61200.0
61400.0
61600.0
61800.0
62000.0
62200.0
62400.0
62600.0
62800.0
63000.0
63200.0
63400.0
63600.0
63800.0
64000.0
64200.0
64400.0
64600.0
65000.0
65600.0
65800.0
66000.0
66200.0
66400.0
66600.0
66800.0
67000.0
67200.0
67400.0
67600.0
67800.0
68000.0
68200.0
68400.0
68600.0
68800.0
69000.0
69200.0
69400.0
69600.0
69800.0
70000.0
70200.0
70400.0
70600.0
70800.0
71000.0
71200.0
71400.0
71600.0
71800.0
72000.0
72200.0
72400.0
72600.0
72800.0
73000.0
73200.0
73400.0
73600.0
73800.0
74000.0
74200.0
74400.0
74600.0
74800.0
75000.0
75200.0
75400.0
75600.0
75800.0
76000.0
76200.0
76400.0
76600.0
76800.0
77000.0
77200.0
77400.0
77600.0
77800.0
78000.0
78200.0
78400.0
78600.0
78800.0
79000.0
79200.0
80329.0
80571.0
80813.0
81055.0
81297.0
81439.0
81581.0
81723.0
81865.0
81907.0
82049.0
82191.0
82333.0
82475.0
82617.0
82759.0
82901.0
83043.0
83185.0
83327.0
83883.0
84025.0
84167.0
84309.0
84451.0
84693.0
84735.0
84877.0
84919.0
85061.0
85203.0
85345.0
85487.0
85629.0
85771.0
85913.0
86055.0
86511.0
86653.0
86795.0
86937.0
87079.0
87121.0
87263.0
87405.0
87547.0
87689.0
87831.0
88387.0
88629.0
88985.0
89227.0
89469.0
89711.0
89853.0
108264.0
108708.0
109152.0
109596.0
110040.0
110484.0
110928.0
111372.0
111816.0
112264.0
112708.0
113152.0
113596.0
114040.0
114484.0
116579.0
116943.0
117407.0
117891.0
118435.0
118969.0
119883.0
122500.0
122984.0
123468.0
123952.0
124190.0
124427.0
124665.0
124903.0
125141.0
125379.0
125617.0
125855.0
126093.0
126331.0
126569.0
126807.0
127045.0
127283.0
127521.0
127759.0
128494.0
128878.0
129514.0
142500.0
142984.0
143468.0
143952.0
144195.0
144437.0
144680.0
144923.0
145166.0
145409.0
145652.0
145895.0
146137.0
146380.0
146623.0
146866.0
147109.0
147352.0
147595.0
147837.0
148080.0
148323.0
148566.0
148809.0
149052.0
149295.0
149537.0
149780.0
150023.0
150266.0
150509.0
150752.0
151137.0
151423.0
151709.0
152284.0
152670.0
152952.0
153234.0
153516.0
153759.0
154041.0
154323.0
154566.0
154809.0
155052.0
155395.0
155637.0
155880.0
156123.0
156366.0
156609.0
156852.0
157095.0
157337.0
157580.0
157823.0
158066.0
158309.0
158552.0
158795.0
159037.0
159280.0
159523.0
159766.0
