113.0
294.0
475.0
656.0
837.0
1018.0
1199.0
1380.0
1561.0
2220.0
2402.0
2583.0
2764.0
2945.0
3126.0
3307.0
3488.0
3669.0
3850.0
4031.0
4212.0
4393.0
4574.0
4755.0
4936.0
5117.0
5298.0
5479.0
5660.0
5841.0
6022.0
8417.0
8598.0
8780.0
8961.0
9142.0
9323.0
9504.0
9685.0
9866.0
10047.0
10228.0
10409.0
10590.0
10771.0
11156.0
11437.0
11718.0
12500.0
12681.0
12862.0
13043.0
13224.0
13405.0
13586.0
13767.0
13948.0
14232.0
14517.0
14802.0
15087.0
15372.0
15657.0
15942.0
16228.0
16513.0
16798.0
17084.0
17369.0
17655.0
20323.0
20475.0
20627.0
20779.0
20931.0
21083.0
21235.0
21387.0
21539.0
21691.0
21783.0
21945.0
22107.0
22259.0
22421.0
22573.0
22725.0
22877.0
23029.0
23181.0
23333.0
23485.0
23637.0
23953.0
24269.0
24585.0
24801.0
25017.0
25333.0
28387.0
28603.0
28919.0
29235.0
29451.0
29767.0
29859.0
30017.0
30109.0
30269.0
30387.0
30505.0
30627.0
30779.0
30941.0
31158.0
31539.0
31779.0
32095.0
32411.0
32737.0
32829.0
33005.0
33127.0
33279.0
33401.0
33523.0
33645.0
33767.0
33859.0
34017.0
34158.0
34310.0
34496.0
34877.0
35259.0
35475.0
35707.0
35883.0
35970.0
40323.0
40478.0
40634.0
40789.0
41121.0
42121.0
42543.0
42698.0
43030.0
43185.0
43340.0
43672.0
43827.0
44159.0
44314.0
45000.0
45000.0
45000.0
45000.0
45000.0
46000.0
46000.0
46000.0
46000.0
46000.0
46000.0
46000.0
46000.0
46000.0
46000.0
46000.0
46000.0
46000.0
46000.0
46000.0
46000.0
46000.0
46000.0
46000.0
46000.0
46000.0
46000.0
46000.0
46314.0
46736.0
47258.0
50258.0
50780.0
51302.0
51824.0
51979.0
52314.0
52469.0
52625.0
52770.0
52925.0
53071.0
53340.0
53672.0
56185.0
56340.0
56596.0
56751.0
57083.0
57238.0
57384.0
57529.0
57674.0
57943.0
58274.0
58608.0
59030.0
60323.0
60465.0
60607.0
60749.0
60900.0
60998.0
61140.0
61282.0
61424.0
62355.0
62597.0
62839.0
63081.0
63323.0
63565.0
63807.0
64049.0
64291.0
64533.0
64775.0
65017.0
65259.0
65501.0
65743.0
65885.0
66027.0
66269.0
66698.0
67027.0
68839.0
69140.0
69465.0
69707.0
69949.0
70207.0
70449.0
70691.0
70833.0
71075.0
71217.0
71359.0
71501.0
71833.0
72075.0
72317.0
72559.0
72917.0
73107.0
73349.0
73691.0
73933.0
74175.0
74417.0
74833.0
75027.0
75169.0
75317.0
75459.0
75607.0
75749.0
75885.0
76027.0
76269.0
76517.0
76707.0
76885.0
76975.0
77027.0
77075.0
80382.0
80941.0
81500.0
86815.0
87373.0
87932.0
88490.0
89149.0
89808.0
90457.0
91116.0
91575.0
92034.0
92493.0
92952.0
93411.0
93870.0
94329.0
96045.0
96504.0
96963.0
97422.0
97881.0
98340.0
98899.0
99358.0
99817.0
99957.0
99990.0
99997.0
99997.0
99997.0
99997.0
99997.0
99997.0
99997.0
99997.0
99997.0
99997.0
99997.0
99997.0
99997.0
99997.0
99997.0
99997.0
99997.0
99997.0
99997.0
99997.0
99997.0
99997.0
99997.0
99997.0
99997.0
99997.0
99997.0
99997.0
99997.0
99997.0
99997.0
99997.0
99997.0
99997.0
99997.0
99997.0
99997.0
100357.0
100812.0
109188.0
109643.0
110098.0
110554.0
111009.0
111464.0
111919.0
112374.0
112829.0
113284.0
113739.0
114194.0
114649.0
115104.0
115559.0
116014.0
116469.0
116924.0
117379.0
117834.0
118289.0
118744.0
119199.0
119654.0
120909.0
121250.0
121591.0
122000.0
122045.0
122273.0
122513.0
122741.0
123195.0
123422.0
123650.0
123878.0
124119.0
124346.0
124574.0
124801.0
125255.0
125836.0
129496.0
129949.0
130404.0
130631.0
130858.0
131085.0
131313.0
131541.0
131768.0
132119.0
132574.0
133029.0
133370.0
133725.0
134179.0
134634.0
135089.0
135544.0
135885.0
136231.0
136572.0
136899.0
137240.0
137581.0
137922.0
138263.0
138604.0
138945.0
139286.0
139627.0
139968.0
140000.0
140200.0
140309.0
140400.0
140600.0
140650.0
140800.0
141000.0
141200.0
141400.0
141600.0
142000.0
142600.0
143000.0
143200.0
143400.0
143600.0
143800.0
144000.0
144200.0
144400.0
144600.0
144800.0
145000.0
145200.0
145400.0
145600.0
145800.0
146000.0
146200.0
146400.0
146600.0
146800.0
147000.0
147200.0
147400.0
147600.0
147800.0
148000.0
148200.0
148400.0
148600.0
148800.0
149000.0
149200.0
149400.0
149600.0
149800.0
150000.0
150200.0
150400.0
150600.0
150800.0
151000.0
151200.0
151400.0
151600.0
151800.0
152000.0
152200.0
152400.0
152600.0
152800.0
153000.0
153200.0
153400.0
153600.0
153800.0
154000.0
154200.0
154400.0
154600.0
154800.0
155000.0
155200.0
155400.0
155600.0
155800.0
156000.0
156200.0
156400.0
156600.0
156800.0
157000.0
157200.0
157400.0
157600.0
157800.0
158000.0
158200.0
158400.0
158600.0
158800.0
159000.0
159200.0
