353.0
706.0
2118.0
2471.0
2824.0
3176.0
3529.0
3882.0
4235.0
4588.0
4941.0
5294.0
5646.0
6009.0
6362.0
6614.0
6866.0
7118.0
7206.0
7395.0
7483.0
8176.0
8529.0
8882.0
9235.0
9477.0
9729.0
10082.0
10435.0
10788.0
11141.0
13176.0
13429.0
13517.0
13605.0
13793.0
13881.0
14069.0
14257.0
14345.0
14532.0
14719.0
15162.0
15415.0
15668.0
15856.0
16044.0
16231.0
16429.0
16617.0
16805.0
16993.0
17081.0
17524.0
17877.0
18230.0
20353.0
20442.0
20884.0
21029.0
24106.0
24721.0
24866.0
25308.0
25454.0
25996.0
26142.0
26584.0
26729.0
27171.0
27317.0
27698.0
30290.0
30435.0
30877.0
31319.0
31465.0
31907.0
32349.0
32791.0
33233.0
33379.0
33821.0
33967.0
34409.0
34555.0
35097.0
35986.0
36875.0
37764.0
38653.0
39542.0
39984.0
40357.0
40426.0
40682.0
40868.0
41008.0
41334.0
41659.0
42085.0
42511.0
43182.0
43407.0
43733.0
44059.0
44385.0
44811.0
45237.0
49048.0
49474.0
49899.0
50325.0
50651.0
50977.0
52558.0
53085.0
53659.0
54186.0
54760.0
55286.0
55860.0
56387.0
56961.0
57488.0
57814.0
58240.0
58666.0
59092.0
59659.0
59985.0
60000.0
60353.0
60706.0
62118.0
62471.0
62824.0
63176.0
63529.0
63882.0
64235.0
64588.0
64941.0
65294.0
65646.0
66009.0
66362.0
66614.0
66866.0
67118.0
67370.0
67623.0
67875.0
68128.0
68380.0
68633.0
68885.0
69138.0
69390.0
69646.0
69999.0
80357.0
80612.0
80868.0
81123.0
81379.0
81634.0
81889.0
82145.0
82300.0
82399.0
82545.0
82612.0
82679.0
82746.0
82813.0
82889.0
83035.0
83468.0
83623.0
83779.0
83934.0
84089.0
84246.0
84401.0
84557.0
84713.0
84869.0
84945.0
85545.0
86145.0
86746.0
88134.0
88468.0
88623.0
88779.0
88934.0
89089.0
89246.0
89401.0
89557.0
89713.0
89869.0
89978.0
90821.0
91673.0
96246.0
96847.0
97448.0
98049.0
98205.0
98361.0
98517.0
98673.0
98829.0
99681.0
99837.0
100357.0
100612.0
100868.0
101123.0
101379.0
101634.0
101880.0
102029.0
102285.0
102541.0
102797.0
103053.0
103309.0
103565.0
103821.0
104077.0
104333.0
104589.0
104845.0
105101.0
105357.0
105612.0
105868.0
106123.0
106379.0
106634.0
106880.0
107029.0
107285.0
107541.0
107797.0
108053.0
108309.0
108565.0
108821.0
109077.0
109333.0
109589.0
120000.0
120286.0
120571.0
120857.0
121143.0
121643.0
122000.0
122357.0
122714.0
123143.0
123571.0
124000.0
124429.0
124714.0
125143.0
125429.0
125500.0
125571.0
125714.0
125857.0
126000.0
126143.0
126429.0
126571.0
126857.0
127214.0
127500.0
128000.0
128286.0
128571.0
129714.0
129857.0
130000.0
130143.0
130286.0
130429.0
130571.0
130857.0
131214.0
131430.0
131714.0
132143.0
133571.0
133714.0
133857.0
134000.0
134143.0
134286.0
134429.0
134571.0
134857.0
