13730.0
15576.0
16098.0
16520.0
17042.0
17463.0
18355.0
19829.0
20250.0
20323.0
20404.0
20485.0
20648.0
20772.0
20911.0
21092.0
21275.0
21457.0
21639.0
21821.0
22165.0
22347.0
22529.0
22873.0
23055.0
23399.0
23581.0
23825.0
24007.0
24189.0
24371.0
24615.0
24797.0
25041.0
25223.0
25467.0
29368.0
29859.0
30349.0
30840.0
31330.0
31821.0
32312.0
32803.0
33294.0
33785.0
34275.0
34766.0
35257.0
35439.0
35621.0
35803.0
36585.0
36929.0
37275.0
37519.0
37609.0
37853.0
38035.0
38279.0
38461.0
38643.0
38825.0
39069.0
39251.0
39433.0
39615.0
39797.0
40353.0
40706.0
42118.0
42471.0
42824.0
43176.0
52176.0
52529.0
52882.0
53059.0
53235.0
53412.0
53588.0
53765.0
53941.0
54118.0
54294.0
54471.0
54647.0
54824.0
55000.0
55176.0
55353.0
55529.0
55706.0
55882.0
56059.0
56235.0
56412.0
56588.0
56765.0
56941.0
57118.0
57294.0
57471.0
57647.0
57824.0
58000.0
58176.0
58353.0
58529.0
58706.0
58882.0
59059.0
59235.0
59412.0
59588.0
59765.0
62500.0
62984.0
63468.0
63952.0
64195.0
64437.0
64680.0
64923.0
65166.0
65409.0
65652.0
65895.0
66137.0
66380.0
66623.0
66866.0
67109.0
67352.0
67595.0
67837.0
68080.0
68323.0
68566.0
68809.0
69052.0
69295.0
69537.0
69780.0
70023.0
70266.0
70509.0
70752.0
71137.0
71380.0
71623.0
71866.0
72349.0
72695.0
72937.0
73180.0
73423.0
73666.0
73909.0
74152.0
74495.0
74637.0
74880.0
75123.0
75366.0
75609.0
75852.0
76095.0
76337.0
76580.0
76823.0
77066.0
77309.0
77552.0
77837.0
78123.0
78352.0
78580.0
78813.0
79046.0
79189.0
79331.0
79468.0
79609.0
79752.0
82500.0
82984.0
83468.0
83952.0
84194.0
84435.0
84677.0
84919.0
85161.0
85403.0
85645.0
85887.0
86129.0
86371.0
86613.0
86855.0
87097.0
87339.0
87581.0
88265.0
88407.0
88649.0
88891.0
89133.0
89375.0
89617.0
89859.0
90000.0
90242.0
90384.0
90626.0
90868.0
91110.0
91252.0
91594.0
91736.0
91878.0
92020.0
92162.0
92404.0
92546.0
92788.0
93030.0
93172.0
93414.0
93556.0
93798.0
94040.0
94182.0
94424.0
94566.0
94808.0
95050.0
95292.0
95434.0
95676.0
95818.0
96060.0
96302.0
96444.0
96686.0
96828.0
97070.0
97312.0
97454.0
97596.0
97838.0
98080.0
98322.0
100353.0
102768.0
103190.0
103611.0
104032.0
104453.0
104874.0
105295.0
105716.0
106137.0
106558.0
106979.0
107400.0
107821.0
108242.0
108663.0
109084.0
109505.0
109926.0
110347.0
110868.0
111289.0
111710.0
112131.0
112552.0
112973.0
113394.0
113815.0
114236.0
114657.0
115078.0
115599.0
116020.0
116441.0
116862.0
117283.0
117704.0
118125.0
118546.0
118967.0
119388.0
119809.0
119995.0
120000.0
122186.0
122651.0
123015.0
123479.0
123944.0
124408.0
124873.0
125337.0
125802.0
126266.0
126731.0
127195.0
127660.0
128124.0
128588.0
129053.0
129517.0
129982.0
130000.0
131215.0
131599.0
131724.0
131849.0
131974.0
132113.0
132559.0
132784.0
133008.0
133133.0
133258.0
133383.0
133508.0
133633.0
133758.0
133883.0
134008.0
134133.0
134258.0
134383.0
134508.0
134633.0
134758.0
134883.0
135008.0
135133.0
135599.0
136064.0
136528.0
137004.0
137479.0
137944.0
138410.0
138875.0
139339.0
139805.0
