275.0
438.0
693.0
867.0
1018.0
1170.0
1355.0
1506.0
1670.0
1821.0
2007.0
2170.0
2332.0
2495.0
2670.0
2832.0
3006.0
3179.0
3354.0
3505.0
3679.0
3841.0
4004.0
4178.0
4352.0
4515.0
4689.0
4840.0
5014.0
5177.0
5351.0
5513.0
5687.0
5838.0
6012.0
6175.0
6337.0
6511.0
6674.0
6848.0
7010.0
7173.0
7347.0
7509.0
7672.0
7835.0
8009.0
8171.0
8345.0
8508.0
8670.0
8844.0
9019.0
9170.0
9344.0
9506.0
9679.0
9842.0
10005.0
10179.0
10353.0
10504.0
10678.0
10852.0
11003.0
11177.0
11340.0
11502.0
11676.0
11839.0
12000.0
12013.0
12176.0
20024.0
20350.0
20686.0
20976.0
21301.0
21638.0
21951.0
22288.0
22601.0
22926.0
23252.0
23565.0
23889.0
24215.0
24539.0
24864.0
25178.0
25514.0
25839.0
26164.0
26478.0
26814.0
27128.0
27453.0
27778.0
28103.0
28428.0
28753.0
29067.0
29403.0
29717.0
30030.0
30355.0
30680.0
31005.0
31320.0
31645.0
31970.0
32295.0
32620.0
32934.0
33247.0
33572.0
33897.0
34222.0
34536.0
34861.0
35174.0
35500.0
35813.0
36126.0
36452.0
36788.0
37102.0
37427.0
37752.0
38065.0
38389.0
38715.0
39040.0
39353.0
39689.0
39991.0
40027.0
40352.0
40699.0
41048.0
41384.0
41721.0
42069.0
42417.0
42754.0
43102.0
43427.0
43775.0
44112.0
44449.0
44797.0
45145.0
45482.0
45819.0
46167.0
46515.0
46852.0
47199.0
47536.0
47884.0
48221.0
48569.0
48906.0
49243.0
49580.0
49928.0
50265.0
50613.0
50949.0
51298.0
51634.0
51971.0
52308.0
52645.0
52993.0
53330.0
53678.0
54015.0
54352.0
54689.0
55025.0
55373.0
55710.0
56047.0
56384.0
56720.0
57068.0
57405.0
57742.0
58079.0
58427.0
58764.0
59101.0
59438.0
59775.0
60020.0
60379.0
60658.0
60844.0
61192.0
61494.0
61738.0
62098.0
62399.0
62689.0
62979.0
63270.0
63572.0
63885.0
64176.0
64454.0
64756.0
65058.0
65360.0
65650.0
65952.0
66242.0
66556.0
66857.0
67136.0
67449.0
67740.0
68042.0
68343.0
68657.0
68959.0
69250.0
69551.0
69853.0
70143.0
70457.0
70759.0
71049.0
71351.0
71641.0
71955.0
72245.0
72559.0
72850.0
73151.0
73453.0
73743.0
74057.0
74359.0
74650.0
74951.0
75253.0
75555.0
75857.0
76147.0
76449.0
76751.0
77053.0
77355.0
77645.0
77958.0
78249.0
78550.0
78852.0
79154.0
79456.0
79758.0
80236.0
80457.0
80689.0
80909.0
81142.0
81362.0
81594.0
81815.0
82035.0
82256.0
82488.0
82709.0
82941.0
83162.0
83382.0
83603.0
83824.0
84056.0
84277.0
84497.0
84718.0
84940.0
85172.0
85381.0
85601.0
85822.0
86043.0
86275.0
86496.0
86716.0
86937.0
87158.0
87378.0
87600.0
87821.0
88041.0
88262.0
88483.0
88703.0
88924.0
89145.0
89377.0
89586.0
89806.0
90027.0
90248.0
90468.0
90689.0
90910.0
91130.0
91351.0
91583.0
91792.0
92024.0
92245.0
92465.0
92686.0
92906.0
93127.0
93359.0
93579.0
93800.0
94020.0
94241.0
94473.0
94682.0
94903.0
95000.0
95123.0
95355.0
95576.0
100236.0
100492.0
100759.0
101014.0
101281.0
101537.0
101792.0
102060.0
102303.0
102560.0
102804.0
103071.0
103315.0
103570.0
103826.0
104081.0
104337.0
104592.0
104836.0
105092.0
105335.0
105591.0
105846.0
106102.0
106346.0
106601.0
106845.0
107101.0
107344.0
107600.0
107844.0
108099.0
108343.0
108609.0
108853.0
109109.0
109352.0
109608.0
109852.0
110107.0
110351.0
110606.0
110850.0
111106.0
111349.0
111605.0
111859.0
112103.0
112359.0
112602.0
112846.0
113102.0
113357.0
113601.0
113857.0
114101.0
114344.0
114599.0
114843.0
115099.0
115343.0
115609.0
115853.0
116108.0
116352.0
116608.0
116851.0
117107.0
117351.0
117600.0
120020.0
120379.0
120542.0
120681.0
120855.0
121006.0
121157.0
121320.0
121494.0
121656.0
121829.0
121980.0
122143.0
122306.0
122468.0
122631.0
122793.0
122944.0
123107.0
123270.0
123421.0
123583.0
123746.0
123908.0
124071.0
124222.0
124373.0
124535.0
124709.0
124859.0
125022.0
125185.0
125347.0
125509.0
125672.0
125823.0
125985.0
126136.0
126309.0
126472.0
126623.0
126774.0
126925.0
127087.0
127250.0
127412.0
127575.0
127726.0
127877.0
128040.0
128202.0
128353.0
128504.0
128655.0
128829.0
128980.0
129143.0
129305.0
129456.0
129619.0
129781.0
129932.0
130095.0
130246.0
130408.0
130571.0
130722.0
130873.0
131035.0
131186.0
131337.0
131500.0
131651.0
