300.0
400.0
2600.0
2800.0
3000.0
3200.0
3400.0
3600.0
3800.0
4000.0
4200.0
4400.0
4600.0
5000.0
5200.0
5600.0
5800.0
6000.0
6200.0
6400.0
6600.0
6800.0
7000.0
7200.0
7400.0
7600.0
8000.0
8200.0
10000.0
10200.0
10400.0
10600.0
10800.0
11000.0
11200.0
11400.0
11600.0
11800.0
12000.0
12200.0
12400.0
12600.0
12800.0
13000.0
13200.0
13400.0
13600.0
13800.0
14000.0
14200.0
14400.0
14600.0
14800.0
15000.0
15200.0
15400.0
15600.0
15800.0
16000.0
16200.0
16400.0
16600.0
16800.0
17000.0
17200.0
17400.0
17600.0
17800.0
18000.0
18200.0
18400.0
18600.0
18800.0
19000.0
19200.0
19400.0
19600.0
19800.0
20000.0
20455.0
20911.0
21367.0
21823.0
22279.0
22735.0
23191.0
23647.0
24103.0
24559.0
25015.0
25471.0
25927.0
26383.0
26839.0
27295.0
30000.0
30346.0
30692.0
31038.0
31384.0
31630.0
31876.0
32022.0
32168.0
32314.0
32460.0
32606.0
32752.0
32998.0
33244.0
33390.0
33536.0
33682.0
33828.0
34074.0
34320.0
34466.0
34612.0
34758.0
34904.0
35150.0
35396.0
35642.0
35788.0
35964.0
36130.0
36276.0
36422.0
36568.0
36714.0
36860.0
36996.0
37182.0
37368.0
37554.0
37740.0
37926.0
38112.0
38298.0
38484.0
38670.0
38856.0
39042.0
39228.0
39414.0
39599.0
40357.0
40811.0
42411.0
42755.0
43209.0
43653.0
44097.0
44541.0
44985.0
45429.0
45873.0
46317.0
46761.0
47105.0
52105.0
52839.0
53653.0
53839.0
54025.0
54211.0
54555.0
54839.0
55025.0
55211.0
55397.0
55583.0
55769.0
56053.0
56497.0
56841.0
57185.0
57629.0
58073.0
58517.0
59061.0
59505.0
59949.0
60357.0
60812.0
65188.0
65643.0
69098.0
69553.0
70008.0
70464.0
70919.0
71374.0
71829.0
72284.0
72739.0
73194.0
73649.0
74104.0
74559.0
75014.0
75469.0
75924.0
76379.0
76834.0
77289.0
77744.0
78200.0
78919.0
79553.0
79874.0
80192.0
80423.0
80653.0
80884.0
81115.0
82115.0
82346.0
82577.0
82808.0
83039.0
83270.0
83501.0
83732.0
83963.0
84294.0
84625.0
85125.0
85808.0
86808.0
87808.0
88808.0
89808.0
90039.0
90192.0
90423.0
90653.0
90884.0
91115.0
91515.0
94515.0
95770.0
96001.0
96232.0
96384.0
96525.0
96666.0
96897.0
97397.0
97728.0
98059.0
98459.0
98690.0
98821.0
99683.0
99914.0
100145.0
100291.0
100376.0
100537.6
100607.0
100738.0
100869.0
104886.6
105133.2
105379.8
105626.4
105873.0
106119.6
106366.2
106612.8
106859.4
107106.0
107352.6
107590.2
107837.8
108084.4
111500.0
111745.6
112000.0
112245.6
112492.2
112738.8
113138.8
113385.4
113632.0
113878.6
114125.2
114371.8
114618.4
114865.0
115111.6
115358.2
115604.8
115851.4
116098.0
116344.6
116591.2
116837.8
117084.4
117331.0
117577.6
117824.2
118070.8
118317.4
118564.0
118810.6
119057.2
119303.8
119550.4
119897.0
119985.4
120000.0
120286.0
120571.0
120857.0
121143.0
121429.0
121714.0
122143.0
122286.0
122571.0
122857.0
123000.0
123357.0
123714.0
124286.0
124571.0
125000.0
125429.0
125714.0
126000.0
126286.0
126571.0
126714.0
126857.0
127000.0
127286.0
127429.0
128000.0
128571.0
129143.0
129429.0
129714.0
130000.0
130429.0
130714.0
131000.0
131286.0
131857.0
132000.0
132143.0
132286.0
132571.0
132714.0
132857.0
133000.0
133357.0
133714.0
133857.0
134000.0
134571.0
135000.0
135429.0
135714.0
136000.0
136286.0
136571.0
136857.0
137143.0
137286.0
137571.0
137714.0
137857.0
