20.0
368.0
577.0
949.0
1135.0
1355.0
1564.0
1762.0
2122.0
2320.0
2517.0
2726.0
2935.0
3144.0
3341.0
3550.0
3759.0
3956.0
4165.0
4362.0
4560.0
4769.0
4966.0
5175.0
5384.0
5581.0
5789.0
6151.0
6348.0
6545.0
6754.0
6963.0
7160.0
7369.0
7566.0
7775.0
7973.0
8182.0
8380.0
8577.0
8786.0
8983.0
9192.0
9390.0
9599.0
9796.0
10005.0
10202.0
10411.0
10619.0
10817.0
11026.0
11223.0
11432.0
11630.0
11838.0
12036.0
12245.0
12442.0
12651.0
12859.0
13057.0
13266.0
13463.0
13672.0
13870.0
14067.0
14276.0
14473.0
14682.0
14891.0
20236.0
20549.0
20874.0
21199.0
21524.0
21850.0
22175.0
22499.0
22824.0
23149.0
23474.0
23799.0
24124.0
24449.0
24774.0
25099.0
25424.0
25749.0
26063.0
26388.0
26713.0
27026.0
27351.0
27665.0
28001.0
28315.0
28639.0
28964.0
29290.0
29603.0
29928.0
30253.0
30567.0
30892.0
31205.0
31529.0
31855.0
32180.0
32505.0
32829.0
33155.0
33479.0
33793.0
34106.0
34432.0
34757.0
35082.0
35395.0
35720.0
36045.0
36369.0
36695.0
37019.0
37344.0
37669.0
37983.0
38308.0
38633.0
38958.0
39271.0
39596.0
39910.0
40020.0
40391.0
40647.0
40856.0
41088.0
41320.0
41539.0
41772.0
42027.0
42248.0
42480.0
42724.0
42956.0
43177.0
43409.0
43641.0
43873.0
44117.0
44338.0
44560.0
44803.0
45024.0
45256.0
45488.0
45710.0
45954.0
46174.0
46407.0
46640.0
46872.0
47092.0
47325.0
47557.0
47790.0
48033.0
48254.0
48486.0
48718.0
48950.0
49182.0
49415.0
49647.0
49879.0
50111.0
50343.0
50575.0
50808.0
51028.0
51250.0
51482.0
51715.0
51958.0
52179.0
52400.0
52644.0
52876.0
53108.0
53340.0
53572.0
53805.0
54025.0
54257.0
54489.0
54722.0
54954.0
55174.0
55407.0
55640.0
55872.0
56104.0
56336.0
60020.0
60345.0
60693.0
61030.0
61378.0
61703.0
62040.0
62388.0
62725.0
63062.0
63400.0
63736.0
64073.0
64410.0
64758.0
65083.0
65420.0
65757.0
66105.0
66442.0
66779.0
67115.0
67452.0
67789.0
68125.0
68462.0
68800.0
69125.0
69462.0
69800.0
70125.0
70462.0
70800.0
71136.0
71473.0
71810.0
72135.0
72472.0
72810.0
73146.0
73483.0
73819.0
74156.0
74493.0
74829.0
75166.0
75503.0
75840.0
76165.0
76513.0
76849.0
77186.0
77523.0
77859.0
78196.0
78533.0
78870.0
79207.0
79544.0
79880.0
80020.0
80391.0
80763.0
81146.0
81529.0
81890.0
82273.0
82645.0
83005.0
83388.0
83760.0
84132.0
84503.0
84875.0
85258.0
85630.0
86002.0
86373.0
86745.0
87116.0
87499.0
87871.0
88242.0
88602.0
88974.0
89357.0
89729.0
90112.0
90472.0
90855.0
91226.0
91598.0
91969.0
92364.0
92736.0
93108.0
93479.0
93862.0
94222.0
94594.0
94977.0
95337.0
95720.0
96092.0
96463.0
96835.0
97206.0
97566.0
97961.0
98332.0
98704.0
99064.0
99447.0
99829.0
99957.0
100020.0
100380.0
100752.0
101146.0
101529.0
101901.0
102273.0
102656.0
103040.0
103423.0
103783.0
104178.0
104561.0
104944.0
105328.0
105700.0
106072.0
106467.0
106840.0
107223.0
107595.0
107989.0
108362.0
108745.0
109139.0
109523.0
109906.0
110278.0
110661.0
111045.0
111428.0
111801.0
112173.0
112556.0
112939.0
113323.0
113706.0
114078.0
114461.0
114845.0
115228.0
115599.0
115983.0
116378.0
116761.0
117144.0
117528.0
117911.0
118295.0
118666.0
119050.0
119444.0
119827.0
119967.0
119990.0
120020.0
120345.0
120682.0
121019.0
121344.0
121679.0
122028.0
122341.0
122678.0
123026.0
123351.0
123688.0
124025.0
124349.0
124686.0
125023.0
125359.0
125684.0
126021.0
126358.0
126695.0
127020.0
127356.0
127693.0
128029.0
128354.0
128680.0
129016.0
129353.0
129690.0
130026.0
130351.0
130688.0
131025.0
131350.0
131687.0
132023.0
132348.0
132685.0
133022.0
133347.0
133683.0
134020.0
134357.0
134682.0
135019.0
135355.0
135680.0
136017.0
136354.0
136680.0
137016.0
137353.0
137690.0
138026.0
138351.0
138688.0
139025.0
139350.0
139687.0
140028.0
140353.0
140690.0
140748.0
140852.0
141108.0
141351.0
141502.0
141699.0
141850.0
142024.0
142198.0
142350.0
142524.0
142698.0
142850.0
143024.0
143186.0
143359.0
143522.0
143696.0
143859.0
144021.0
144184.0
144358.0
144520.0
144695.0
144857.0
145020.0
145182.0
145356.0
145529.0
145692.0
145854.0
146028.0
146191.0
146353.0
146527.0
146690.0
146852.0
147026.0
147199.0
147350.0
147524.0
147698.0
147850.0
148024.0
148186.0
148359.0
148522.0
148696.0
148859.0
149021.0
149184.0
149358.0
149520.0
149695.0
149857.0
150020.0
150182.0
150356.0
150529.0
150692.0
150855.0
151029.0
151191.0
151354.0
151528.0
151690.0
151853.0
152027.0
152190.0
152352.0
