5424.0
6788.0
7165.0
7541.0
7918.0
8294.0
8671.0
9047.0
9424.0
9801.0
10178.0
10555.0
10932.0
11309.0
11686.0
12063.0
12440.0
12816.0
13193.0
13570.0
13947.0
14324.0
14601.0
14978.0
15355.0
15732.0
16109.0
16486.0
16863.0
17240.0
17616.0
18093.0
18470.0
18847.0
19224.0
19501.0
19878.0
19989.0
20294.0
20353.0
20555.0
20706.0
20766.0
22118.0
22471.0
22824.0
23176.0
23529.0
23882.0
24335.0
24688.0
25041.0
25394.0
25746.0
26099.0
26452.0
26905.0
27258.0
32545.0
32998.0
33451.0
33904.0
34176.0
34448.0
34720.0
35173.0
35526.0
35879.0
36232.0
36353.0
36474.0
36696.0
36817.0
36938.0
37059.0
37180.0
37301.0
37422.0
37543.0
37664.0
37785.0
37906.0
38027.0
38148.0
38269.0
38390.0
38510.0
38631.0
38752.0
38873.0
38994.0
39115.0
39236.0
39357.0
39478.0
39600.0
39721.0
39842.0
39963.0
40353.0
40706.0
42118.0
42471.0
42824.0
43176.0
43529.0
43882.0
44335.0
44688.0
45041.0
45394.0
45746.0
46099.0
46452.0
46905.0
47258.0
47611.0
48064.0
48516.0
49118.0
49801.0
49882.0
50064.0
50394.0
50576.0
50758.0
50940.0
51122.0
51203.0
51385.0
51567.0
51749.0
51931.0
52118.0
52571.0
52824.0
53006.0
53188.0
53370.0
53552.0
53735.0
53816.0
53998.0
54451.0
54804.0
55156.0
55509.0
55862.0
56215.0
56397.0
56579.0
56761.0
56943.0
57125.0
57307.0
57489.0
57671.0
57853.0
58035.0
58217.0
58399.0
58852.0
59205.0
59558.0
60357.0
60882.0
61639.0
62000.0
62500.0
64318.0
65769.0
66105.0
66530.0
66955.0
67480.0
67905.0
68330.0
68755.0
69180.0
69605.0
69930.0
70255.0
70581.0
70818.0
72105.0
72530.0
72857.0
73283.0
73708.0
74134.0
74559.0
74985.0
75411.0
75837.0
76263.0
76688.0
76925.0
77014.0
77105.0
77530.0
77857.0
78193.0
78429.0
78519.0
78755.0
78846.0
79081.0
79218.0
79308.0
79498.0
79688.0
79779.0
79869.0
79959.0
80049.0
80139.0
80353.0
80465.0
80691.0
80706.0
82118.0
82471.0
82824.0
83176.0
83529.0
83882.0
84335.0
84688.0
85041.0
85394.0
85746.0
86099.0
86452.0
86905.0
87258.0
87611.0
88064.0
88516.0
89118.0
89176.0
89246.0
89316.0
89382.0
89452.0
89529.0
89599.0
89676.0
89746.0
89816.0
89882.0
89949.0
90019.0
90086.0
90153.0
90220.0
90287.0
90353.0
90417.0
90870.0
91223.0
91576.0
92029.0
92382.0
92835.0
93188.0
93641.0
94094.0
94446.0
94899.0
95251.0
95604.0
96056.0
96509.0
96862.0
97315.0
97668.0
98121.0
98353.0
98585.0
98817.0
99049.0
99281.0
99513.0
99745.0
100353.0
100706.0
102118.0
102471.0
102824.0
103176.0
103529.0
103882.0
104235.0
104588.0
104941.0
105294.0
105646.0
105999.0
106351.0
106974.0
111235.0
111688.0
112141.0
112494.0
112846.0
113199.0
113552.0
113905.0
114258.0
114611.0
115064.0
115416.0
115769.0
116122.0
116475.0
116828.0
117181.0
117534.0
120000.0
120339.0
120678.0
121000.0
121017.0
122223.0
122472.0
122721.0
123050.0
123299.0
123548.0
123787.0
124026.0
124265.0
124504.0
124743.0
124982.0
125221.0
125460.0
125699.0
125938.0
126177.0
126416.0
128632.0
129165.0
129880.0
130017.0
130256.0
130495.0
130734.0
130973.0
131212.0
131451.0
131689.0
131928.0
132167.0
132406.0
132544.0
132783.0
133022.0
133261.0
133500.0
133739.0
133876.0
134015.0
134153.0
134291.0
134429.0
134567.0
134705.0
134843.0
134982.0
135221.0
135359.0
135598.0
135736.0
135874.0
136113.0
136352.0
136490.0
136628.0
136767.0
136905.0
137043.0
137181.0
137319.0
137458.0
137697.0
137835.0
140286.0
140714.0
141286.0
141714.0
142286.0
142857.0
143429.0
143902.0
144329.0
144857.0
145333.0
145857.0
146429.0
146902.0
147329.0
147857.0
148286.0
148714.0
149143.0
149286.0
149429.0
149571.0
149714.0
150000.0
150143.0
150286.0
150429.0
150571.0
150857.0
151286.0
155286.0
155714.0
156143.0
156286.0
156429.0
156571.0
156857.0
157286.0
157429.0
157571.0
157857.0
158286.0
158714.0
159143.0
159286.0
159429.0
159571.0
159857.0
