357.0
612.0
968.0
1223.0
1479.0
1734.0
2268.0
2524.0
2770.0
3026.0
3282.0
3538.0
3794.0
4050.0
4306.0
4662.0
4918.0
5174.0
5430.0
5686.0
5942.0
6198.0
6454.0
8106.0
8580.0
8936.0
9310.0
9430.0
9549.0
9669.0
9788.0
9908.0
10028.0
10148.0
10268.0
10388.0
10508.0
10628.0
10748.0
10868.0
11024.0
11179.0
11857.0
12213.0
12569.0
12825.0
13081.0
13437.0
13693.0
13949.0
14305.0
14661.0
15017.0
15373.0
18294.0
18750.0
19116.0
19472.0
19828.0
19884.0
19940.0
19995.6
20353.0
20706.0
22188.0
22541.0
22994.0
23819.0
24002.0
24188.0
24471.0
24657.0
24843.0
25029.0
25215.0
25401.0
25587.0
25773.0
26055.0
26241.0
26427.0
26613.0
28169.0
28441.0
28627.0
28819.0
29002.0
29188.0
29374.0
29560.0
29831.0
30498.0
30951.0
31414.0
31867.0
32320.0
32773.0
33226.0
33679.0
34032.0
34118.0
34204.0
34290.0
34376.0
34462.0
34548.0
34634.0
34720.0
34806.0
34992.0
35178.0
35459.0
35912.0
36365.0
36818.0
37271.0
37724.0
38177.0
38630.0
39083.0
39536.0
39989.0
40357.0
40682.0
41008.0
41334.0
41659.0
42085.0
42511.0
43182.0
43407.0
43733.0
44059.0
44385.0
45273.0
45799.0
49125.0
49891.0
50011.0
50237.0
50357.0
50478.0
50598.0
50719.0
50840.0
50960.0
51085.0
51206.0
51327.0
51448.0
51569.0
51690.0
51811.0
51932.0
52052.0
52173.0
52294.0
52415.0
52536.0
52656.0
52777.0
52897.0
53018.0
53139.0
53260.0
53385.0
54273.0
54499.0
55273.0
56160.0
56586.0
58821.0
59247.0
59673.0
60000.0
60339.0
61000.0
62568.0
62807.0
63046.0
63285.0
63524.0
63763.0
64002.0
64241.0
64480.0
64719.0
64958.0
65197.0
65436.0
65675.0
65914.0
66153.0
66392.0
66631.0
66860.0
67059.0
67398.0
67637.0
70584.0
70823.0
71062.0
71301.0
71540.0
71779.0
72018.0
72257.0
72496.0
72735.0
72974.0
73213.0
73452.0
73691.0
73930.0
74129.0
74298.0
74537.0
74776.0
75015.0
75254.0
75493.0
75682.0
75871.0
76060.0
76249.0
76438.0
76617.0
76706.0
76895.0
76984.0
77073.0
77162.0
77251.0
77340.0
77429.0
77518.0
77607.0
77696.0
77785.0
77874.0
77963.0
78052.0
78140.0
80353.0
80706.0
82188.0
82541.0
82904.0
83257.0
83610.0
83963.0
84073.0
84188.0
84432.0
84785.0
85138.0
85491.0
85844.0
86297.0
90104.0
90457.0
90810.0
91163.0
91635.0
91749.0
91864.0
91979.0
92094.0
92209.0
92324.0
92439.0
92554.0
92669.0
92785.0
92901.0
93016.0
93132.0
93247.0
93363.0
93478.0
93594.0
93839.0
94192.0
94645.0
95108.0
95561.0
96024.0
96487.0
96950.0
97413.0
97876.0
98229.0
98692.0
99155.0
99618.0
100357.0
100682.0
101008.0
101334.0
101659.0
102085.0
102511.0
103182.0
103407.0
103733.0
104059.0
104385.0
104811.0
105237.0
109048.0
109474.0
109899.0
110280.0
110325.0
110754.0
111229.0
111655.0
112081.0
112652.0
113127.0
113553.0
113979.0
114550.0
115025.0
115500.0
115975.0
120353.0
120706.0
122188.0
122691.0
123154.0
123657.0
123780.0
123903.0
124026.0
124149.0
124272.0
124442.0
124612.0
124735.0
124858.0
125028.0
125151.0
125513.0
125875.0
126237.0
126699.0
127051.0
127513.0
128875.0
129237.0
129407.0
129530.0
129653.0
129775.0
129908.0
130149.0
130820.0
131282.0
131744.0
132206.0
132668.0
133130.0
133473.0
133643.0
133814.0
134055.0
134225.0
134348.0
134470.0
134640.0
134810.0
135586.0
136048.0
136510.0
137072.0
137534.0
138096.0
138558.0
139020.0
139143.0
139266.0
139436.0
139606.0
139739.0
139862.0
139985.0
140200.0
140600.0
141000.0
141400.0
141800.0
142200.0
142600.0
143000.0
143400.0
143800.0
144200.0
144600.0
145000.0
145400.0
145800.0
146200.0
146600.0
147000.0
147400.0
147800.0
148200.0
148600.0
149000.0
149400.0
149800.0
