357.0
2143.0
2864.0
3409.0
3530.0
3642.0
3753.0
3864.0
4024.0
4286.0
4642.0
5497.0
6820.0
7175.0
8364.0
10143.0
10357.0
10571.0
10785.0
11030.0
11142.0
11253.0
11364.0
11588.0
11844.0
12299.0
13024.0
13379.0
13635.0
13991.0
14347.0
14603.0
14859.0
15115.0
15236.0
15347.0
15458.0
15569.0
15680.0
15791.0
15902.0
16024.0
16169.0
16383.0
16639.0
16853.0
17109.0
17555.0
17811.0
18067.0
18423.0
18639.0
18864.0
19642.0
20357.0
20814.0
25143.0
25699.0
26156.0
26702.0
26785.0
26968.0
27156.0
27340.0
27523.0
27702.0
27886.0
28069.0
28252.0
28436.0
28619.0
28803.0
29940.0
30496.0
31229.0
31413.0
31597.0
31785.0
31968.0
32156.0
32340.0
32523.0
32702.0
32886.0
33069.0
33436.0
33619.0
33803.0
34156.0
37156.0
37340.0
37523.0
37702.0
37886.0
38070.0
38252.0
38436.0
38619.0
38803.0
39156.0
39413.0
39702.0
39886.0
39979.0
40069.0
40143.0
40291.0
40314.0
40465.0
40523.0
40702.0
40737.0
40886.0
40979.0
41275.0
44082.0
44520.0
44791.0
45065.0
45337.0
45611.0
46691.0
47229.0
48310.0
48758.0
49206.0
49582.0
49854.0
50020.0
50291.0
50465.0
50737.0
51011.0
54337.0
54791.0
55240.0
55691.0
56149.0
56507.0
56865.0
57229.0
57587.0
57861.0
58035.0
58206.0
58380.0
58554.0
58729.0
59087.0
59445.0
59803.0
59977.0
60000.0
60339.0
64131.0
64461.0
64791.0
65121.0
65452.0
65782.0
66113.0
66443.0
66774.0
67104.0
68526.0
70379.0
70829.0
71270.0
71720.0
72170.0
72620.0
73071.0
73521.0
73972.0
74423.0
74874.0
75295.0
78489.0
78949.0
79409.0
79860.0
79900.0
79972.0
79993.0
79993.0
79993.0
79993.0
79993.0
79993.0
79993.0
79993.0
79993.0
79993.0
79993.0
79993.0
79993.0
79993.0
79993.0
79993.0
79993.0
79993.0
79993.0
79993.0
79993.0
79993.0
79993.0
79993.0
79993.0
79993.0
79993.0
79993.0
79993.0
79993.0
79993.0
79993.0
79993.0
79993.0
79993.0
79993.0
80357.0
80811.0
85185.0
85639.0
86094.0
86126.0
86548.0
88933.0
89397.0
90000.0
90455.0
90909.0
91363.0
91817.0
92271.0
92725.0
93179.0
93633.0
94087.0
94541.0
95095.0
96549.0
97003.0
98044.0
98498.0
98952.0
99406.0
99860.0
99976.0
100036.0
100203.0
100357.0
100536.0
100589.0
100812.0
100857.0
101036.0
101188.0
101482.0
101519.0
101849.0
102036.0
102188.0
102519.0
102591.0
102849.0
103146.0
103188.0
103519.0
103589.0
103849.0
104036.0
104188.0
104482.0
104519.0
104849.0
105036.0
105188.0
105482.0
105519.0
105849.0
106036.0
106188.0
106519.0
106591.0
106849.0
107146.0
107188.0
107519.0
107703.0
107849.0
108188.0
108257.0
108519.0
108812.0
108849.0
109146.0
109146.0
109188.0
109519.0
109591.0
109703.0
109880.0
110057.0
110234.0
110411.0
110588.0
110765.0
110942.0
111119.0
111296.0
111473.0
111651.0
111828.0
112005.0
112182.0
112359.0
112536.0
112714.0
112891.0
120000.0
120339.0
120678.0
121017.0
122056.0
122495.0
122834.0
123173.0
123512.0
123851.0
124190.0
124529.0
124868.0
125207.0
125546.0
125885.0
126224.0
131563.0
131902.0
132241.0
132580.0
132819.0
133048.0
133277.0
133506.0
133735.0
134264.0
134603.0
134832.0
135061.0
135290.0
135519.0
135748.0
136087.0
136426.0
136765.0
137104.0
137443.0
137782.0
138121.0
138460.0
138799.0
139138.0
139477.0
139816.0
139965.0
140267.0
140514.0
140929.0
141273.0
141688.0
142232.0
142479.0
142726.0
143070.0
143421.0
143765.0
144116.0
144460.0
144806.0
145152.0
145593.0
145940.0
146285.0
146631.0
147548.0
148092.0
148438.0
148784.0
149130.0
149476.0
149665.0
149854.0
150043.0
150232.0
150421.0
150610.0
150857.0
151104.0
151351.0
151539.0
151728.0
151917.0
152164.0
152510.0
154055.0
154509.0
154855.0
155201.0
155547.0
155893.0
156239.0
156585.0
156931.0
157277.0
157623.0
157812.0
158059.0
158248.0
158437.0
158626.0
158815.0
159062.0
159408.0
159754.0
159943.0
