0.0
286.0
571.0
857.0
1143.0
1429.0
1714.0
2143.0
2857.0
3714.0
4571.0
5714.0
8571.0
9286.0
9714.0
10000.0
10143.0
10357.0
10429.0
10571.0
10786.0
10857.0
11000.0
11143.0
11286.0
11430.0
11571.0
11714.0
11857.0
12000.0
12143.0
12286.0
12430.0
12571.0
12714.0
12857.0
13000.0
13143.0
13571.0
13714.0
13857.0
14143.0
14286.0
14430.0
14571.0
14714.0
14857.0
15143.0
15286.0
15430.0
15571.0
15714.0
15857.0
16000.0
16143.0
16571.0
16714.0
16857.0
17143.0
17286.0
17429.0
17571.0
17714.0
17857.0
18143.0
18286.0
18571.0
18714.0
20357.0
20812.0
25188.0
25643.0
25909.0
26621.0
27333.0
28045.0
28757.0
29098.0
29469.0
29553.0
30008.0
30180.0
30464.0
30892.0
30919.0
31375.0
31604.0
31830.0
32285.0
32316.0
32740.0
33028.0
33195.0
33650.0
33740.0
34105.0
34452.0
34560.0
35015.0
35164.0
35470.0
35876.0
35925.0
36380.0
36588.0
36835.0
37290.0
37300.0
37745.0
38012.0
38200.0
38655.0
38709.0
38724.0
38837.0
38965.0
39093.0
39110.0
39221.0
39349.0
39436.0
39476.0
39565.0
39604.0
39727.0
39730.0
40235.0
40968.0
41272.0
41603.0
42550.0
42666.0
42782.0
42996.0
43112.0
43541.0
43900.0
44235.0
44490.0
44745.0
45127.0
45235.0
45529.0
45603.0
46041.0
46968.0
47206.0
50235.0
50472.0
50719.0
51157.0
51272.0
51519.0
51603.0
52041.0
52569.0
53007.0
53127.0
53565.0
53603.0
54041.0
54479.0
54715.0
55157.0
55272.0
55519.0
55603.0
55850.0
55968.0
56596.0
59235.0
59490.0
59736.0
59983.0
60229.0
60235.0
60345.0
60461.0
60577.0
60693.0
60809.0
60968.0
60968.0
61272.0
61272.0
61645.0
61645.0
62107.0
62107.0
62569.0
62569.0
62790.0
62790.0
63011.0
63011.0
63235.0
63235.0
63456.0
63456.0
63677.0
63677.0
64049.0
64049.0
64418.0
64511.0
64880.0
64973.0
65342.0
65435.0
65804.0
65897.0
66266.0
66359.0
66728.0
66821.0
67190.0
67283.0
67552.0
67745.0
67870.0
68207.0
68536.0
68569.0
68897.0
69190.0
69456.0
70011.0
70011.0
70677.0
70677.0
70995.0
71139.0
71501.0
71645.0
71873.0
72245.0
72607.0
73342.0
73804.0
74266.0
75569.0
76772.0
77235.0
77697.0
78159.0
78589.0
78897.0
79456.0
80357.0
80812.0
81438.0
82109.0
82554.0
82776.0
83099.0
83423.0
83645.0
84089.0
84909.0
85812.0
86034.0
86478.0
86923.0
90423.0
91109.0
91331.0
91554.0
91776.0
92099.0
92423.0
92645.0
92867.0
93089.0
93312.0
93534.0
93857.0
94202.0
94547.0
95099.0
95919.0
96812.0
97725.0
98618.0
99501.0
99946.0
100300.0
100400.0
100400.0
100600.0
100600.0
101200.0
101200.0
101400.0
101400.0
101800.0
101800.0
102000.0
102000.0
102200.0
102200.0
102400.0
102400.0
102600.0
102600.0
102800.0
102800.0
103000.0
103000.0
103200.0
103200.0
103500.0
103500.0
103700.0
103700.0
104200.0
104200.0
104400.0
104400.0
104800.0
104800.0
105000.0
105000.0
105400.0
105400.0
105600.0
105600.0
106000.0
106000.0
106000.0
106200.0
106400.0
106800.0
107000.0
107200.0
107600.0
107800.0
108000.0
108400.0
110300.0
110400.0
110600.0
110800.0
111000.0
111200.0
111600.0
111800.0
112000.0
112400.0
112600.0
113000.0
113200.0
113600.0
113800.0
114000.0
114400.0
114600.0
115000.0
115200.0
115600.0
115800.0
116000.0
116400.0
116600.0
117000.0
117200.0
117600.0
117800.0
118000.0
118400.0
118600.0
119000.0
119200.0
120235.0
120968.0
121272.0
121645.0
122106.0
122567.0
123029.0
123490.0
123951.0
124413.0
124875.0
125336.0
125798.0
126260.0
126721.0
127183.0
127645.0
128106.0
128567.0
129029.0
132567.0
133029.0
133490.0
133951.0
134413.0
134875.0
135336.0
135798.0
136260.0
136721.0
137183.0
137645.0
138106.0
138567.0
139029.0
140235.0
140968.0
141701.0
142116.0
142434.0
142849.0
143582.0
144066.0
148171.0
148904.0
149488.0
149972.0
150456.0
150940.0
151423.0
151907.0
152391.0
152875.0
153359.0
153843.0
154327.0
156116.0
156456.0
156797.0
157138.0
157479.0
157820.0
158161.0
158502.0
158843.0
159184.0
159525.0
159866.0
160000.0
160286.0
160571.0
160857.0
161143.0
161429.0
161714.0
162143.0
162857.0
163714.0
164571.0
165714.0
168571.0
169286.0
169714.0
170000.0
170143.0
170357.0
170429.0
170571.0
170714.0
170857.0
171000.0
171143.0
171286.0
171429.0
171714.0
174286.0
174571.0
177143.0
180000.0
180286.0
180571.0
180857.0
181143.0
181429.0
181714.0
182143.0
182857.0
183714.0
184571.0
185714.0
188571.0
189286.0
189714.0
190000.0
190143.0
190357.0
190429.0
190571.0
190714.0
190857.0
191000.0
191143.0
191286.0
191429.0
191571.0
191714.0
191857.0
192000.0
192143.0
192286.0
192429.0
192571.0
192714.0
192857.0
193000.0
193143.0
193571.0
193714.0
193857.0
194143.0
194286.0
194429.0
194571.0
194857.0
196429.0
196714.0
197143.0
197429.0
197571.0
197714.0
197857.0
198000.0
198143.0
198286.0
198429.0
198571.0
198857.0
199286.0
199429.0
199714.0
200291.0
200537.6
200784.1
201263.9
202106.5
202353.1
202699.6
203046.1
203291.7
203537.6
203784.1
203985.5
204186.9
204388.3
204589.7
204825.8
205072.3
205318.9
208776.6
209256.4
209503.0
209749.5
209870.8
210092.1
210213.4
210450.0
210686.5
210807.8
211044.3
211280.8
211517.3
211753.9
212132.5
212369.0
214348.1
214584.7
214706.0
214827.3
215063.9
215200.4
215321.7
215443.0
215564.3
215685.6
215807.8
215929.1
216050.4
216429.1
216575.8
216723.4
216871.1
217018.7
217597.4
217944.0
218290.5
218537.0
218658.3
218779.6
218900.9
219022.2
219100.0
220000.0
220286.0
220571.0
220857.0
221143.0
221429.0
221714.0
222143.0
222286.0
222429.0
222571.0
222714.0
222857.0
223000.0
223143.0
223286.0
223429.0
223571.0
223857.0
224286.0
224714.0
225143.0
225286.0
225429.0
225714.0
229143.0
229286.0
229429.0
229571.0
229714.0
229857.0
230143.0
230429.0
230714.0
231143.0
231786.0
232214.0
232571.0
233000.0
233429.0
233714.0
233857.0
234143.0
234286.0
234429.0
234571.0
234857.0
235286.0
235714.0
236143.0
236571.0
237143.0
237429.0
237714.0
237857.0
238143.0
238286.0
238429.0
238571.0
238857.0
239286.0
239714.0
