300.0
2500.0
2900.0
3100.0
3200.0
3800.0
4000.0
4200.0
4600.0
5400.0
5600.0
5800.0
6000.0
6200.0
6400.0
6600.0
6800.0
7000.0
7200.0
7400.0
7600.0
7800.0
8000.0
8200.0
8400.0
8600.0
10000.0
10200.0
10400.0
10600.0
10800.0
11000.0
11200.0
11400.0
11600.0
11800.0
12000.0
12200.0
12400.0
12600.0
12800.0
13000.0
13200.0
13400.0
13600.0
13800.0
14000.0
14200.0
14400.0
14600.0
14800.0
15000.0
15200.0
15400.0
15600.0
15800.0
16000.0
16200.0
16400.0
16600.0
16800.0
17000.0
17200.0
17400.0
17600.0
17800.0
18000.0
18200.0
18400.0
18600.0
18800.0
19000.0
19200.0
19400.0
19600.0
19800.0
21000.0
22500.0
22984.0
23468.0
23952.0
24194.0
24435.0
24677.0
24919.0
25161.0
25403.0
25645.0
25887.0
26129.0
26371.0
26613.0
26855.0
27097.0
27339.0
27581.0
27823.0
28065.0
28307.0
28549.0
28791.0
29033.0
29275.0
29517.0
29759.0
30000.0
30242.0
30484.0
30726.0
30968.0
31210.0
31452.0
31694.0
31935.0
32177.0
32419.0
32661.0
32903.0
33145.0
33387.0
33629.0
33871.0
34113.0
34355.0
34597.0
34839.0
35081.0
35323.0
35565.0
35807.0
36049.0
36291.0
36533.0
36775.0
37017.0
37259.0
37501.0
37743.0
37985.0
38227.0
38468.0
38710.0
38952.0
39194.0
39435.0
42903.0
44105.0
44707.0
45109.0
45511.0
46113.0
46938.0
47340.0
47742.0
48144.0
48546.0
49148.0
49973.0
50375.0
50777.0
51179.0
54091.0
54693.0
55095.0
55497.0
55899.0
56301.0
56703.0
57105.0
57507.0
58088.0
58914.0
60353.0
60706.0
62118.0
62471.0
62824.0
63176.0
63529.0
63882.0
64335.0
64688.0
65041.0
65394.0
65746.0
66099.0
66452.0
66905.0
67258.0
67611.0
68064.0
68516.0
69118.0
69802.0
69882.0
70064.0
70394.0
70576.0
70758.0
70839.0
71021.0
71102.0
71555.0
72008.0
73420.0
73873.0
74326.0
74779.0
75232.0
75685.0
76138.0
76591.0
76773.0
76854.0
77036.0
77218.0
77399.0
77581.0
77763.0
77945.0
78126.0
78308.0
78490.0
78671.0
78854.0
79036.0
79218.0
79399.0
79581.0
79763.0
79945.0
80230.0
80479.0
80725.0
81060.0
82894.0
83140.0
83386.0
83632.0
83878.0
84124.0
84370.0
84616.0
84862.0
85108.0
85354.0
85600.0
85846.0
86092.0
86338.0
86584.0
86830.0
87076.0
89108.0
89552.0
102000.0
102903.0
103297.0
103691.0
104085.0
104479.0
104873.0
105267.0
105661.0
106055.0
106449.0
106843.0
107237.0
107631.0
108025.0
110654.0
111048.0
111442.0
111836.0
112230.0
112624.0
113018.0
113412.0
113806.0
114199.0
114593.0
114987.0
115381.0
115775.0
116169.0
116563.0
116957.0
117351.0
117745.0
118139.0
118533.0
118927.0
119321.0
119508.0
119794.0
119981.0
120168.0
120353.0
120355.0
120542.0
120729.0
120916.0
122768.0
123129.0
123590.0
124051.0
124512.0
125073.0
125534.0
126000.0
126461.0
126922.0
127383.0
127844.0
128305.0
128766.0
129227.0
129688.0
130049.0
130510.0
130971.0
131432.0
131893.0
132254.0
132715.0
133176.0
133637.0
134098.0
134559.0
135020.0
135481.0
135942.0
136403.0
136864.0
137225.0
137586.0
137898.0
138259.0
138620.0
139081.0
139442.0
139803.0
139925.0
140147.0
140353.0
140706.0
142118.0
142471.0
142824.0
143176.0
143529.0
143882.0
144335.0
144688.0
145041.0
145394.0
145746.0
146099.0
146452.0
146905.0
147258.0
147611.0
148064.0
148416.0
149082.0
149535.0
149888.0
150000.0
150118.0
150236.0
150353.0
150471.0
150589.0
150706.0
150824.0
150941.0
151059.0
151176.0
151294.0
151411.0
151529.0
151647.0
151765.0
151882.0
152000.0
152118.0
152353.0
152576.0
153452.0
153805.0
154158.0
154511.0
154864.0
155216.0
155335.0
155452.0
155570.0
155688.0
155805.0
155923.0
156041.0
156159.0
156276.0
156394.0
156511.0
156629.0
156746.0
156864.0
156982.0
157118.0
157576.0
158000.0
160000.0
160400.0
162700.0
163100.0
165400.0
165800.0
168100.0
168500.0
170800.0
171200.0
173500.0
173900.0
176200.0
176600.0
179800.0
180200.0
180353.0
180706.0
180800.0
182118.0
182471.0
182824.0
183176.0
183529.0
183882.0
184335.0
184688.0
185041.0
185394.0
185746.0
186099.0
186452.0
186905.0
187258.0
187611.0
188064.0
188416.0
189029.0
189176.0
190324.0
190867.0
191220.0
191573.0
191720.0
191867.0
192014.0
192161.0
192308.0
192455.0
192602.0
192749.0
192896.0
193041.0
193188.0
193335.0
193882.0
194335.0
194688.0
195041.0
195394.0
195647.0
195804.0
195961.0
196118.0
196275.0
196432.0
196589.0
196746.0
196903.0
197060.0
197217.0
197374.0
197531.0
197688.0
197845.0
198002.0
198159.0
198316.0
198867.0
199220.0
199573.0
200353.0
200706.0
202118.0
202471.0
202824.0
203176.0
212176.0
212529.0
212882.0
213059.0
213235.0
213412.0
213588.0
213765.0
213941.0
214118.0
214294.0
214471.0
214647.0
214824.0
215000.0
215176.0
215353.0
215529.0
215706.0
215882.0
216059.0
216235.0
216412.0
216588.0
216765.0
216941.0
217118.0
217294.0
217471.0
217647.0
217824.0
218000.0
218176.0
218353.0
218529.0
218706.0
218882.0
219059.0
219235.0
219412.0
219588.0
219765.0
219941.0
220000.0
222200.0
222600.0
222800.0
223000.0
223200.0
223400.0
223600.0
223800.0
224000.0
224200.0
224400.0
224600.0
224800.0
225000.0
225200.0
225400.0
225600.0
225800.0
226000.0
226200.0
226400.0
226600.0
226800.0
227000.0
227200.0
227400.0
227600.0
228000.0
228200.0
228400.0
228600.0
228800.0
229000.0
229200.0
229400.0
229600.0
229800.0
230000.0
230200.0
230400.0
230600.0
230800.0
231000.0
231200.0
231400.0
231600.0
231800.0
232000.0
232200.0
232400.0
232600.0
232800.0
233000.0
233200.0
233400.0
233600.0
233800.0
234000.0
234200.0
234400.0
234600.0
234800.0
235000.0
235200.0
235400.0
235600.0
235800.0
236000.0
236200.0
236400.0
236600.0
236800.0
237000.0
237200.0
237400.0
237600.0
237800.0
238000.0
238200.0
238400.0
238600.0
238800.0
239000.0
239200.0
239400.0
239600.0
239800.0
