0.0
339.0
2857.0
3164.0
3471.0
3788.0
3918.0
4048.0
4178.0
4308.0
4438.0
4568.0
4698.0
4828.0
4958.0
5088.0
5218.0
5348.0
5471.0
5601.0
5731.0
5861.0
5991.0
6121.0
6251.0
6381.0
6511.0
6641.0
6771.0
6901.0
7031.0
7164.0
7294.0
7424.0
7554.0
7684.0
7814.0
8967.0
9107.0
9247.0
9387.0
9527.0
9657.0
9788.0
10002.0
10471.0
10940.0
11409.0
11878.0
12347.0
12816.0
13285.0
13754.0
14223.0
14792.0
15261.0
15730.0
16199.0
16668.0
17137.0
17606.0
18075.0
18544.0
19013.0
19482.0
19951.0
20323.0
20419.0
20471.0
20619.0
20767.0
20888.0
20915.0
21063.0
21211.0
21359.0
21507.0
21655.0
21803.0
21951.0
22099.0
22247.0
22395.0
22543.0
22691.0
22839.0
23521.0
23847.0
24059.0
24207.0
24355.0
24503.0
24651.0
24799.0
24947.0
25195.0
25343.0
25591.0
25839.0
26087.0
26965.0
27113.0
27351.0
27587.0
30087.0
30415.0
30743.0
31171.0
31599.0
32028.0
32457.0
32503.0
32932.0
33360.0
33888.0
34317.0
34745.0
35173.0
35602.0
35930.0
36358.0
36404.0
36832.0
37260.0
37688.0
38206.0
38634.0
38782.0
39300.0
39448.0
39966.0
40323.0
40471.0
40619.0
40767.0
40915.0
41063.0
41211.0
41359.0
41507.0
41655.0
41803.0
41951.0
42099.0
42247.0
42395.0
42543.0
42691.0
42839.0
43632.0
43884.0
44022.0
44160.0
44308.0
44446.0
44584.0
44722.0
44860.0
44998.0
45136.0
45274.0
45412.0
45550.0
45688.0
45826.0
45964.0
46102.0
46986.0
47124.0
47262.0
47400.0
47538.0
47676.0
47814.0
47952.0
48090.0
48228.0
48366.0
48504.0
48642.0
48780.0
48918.0
49056.0
49194.0
49332.0
49460.0
49598.0
49736.0
49874.0
50112.0
50471.0
50619.0
50767.0
50905.0
51043.0
51181.0
51319.0
51457.0
51695.0
51833.0
52191.0
52429.0
52667.0
53000.0
60357.0
60682.0
61008.0
61334.0
61659.0
62085.0
62511.0
63182.0
63407.0
63733.0
64059.0
64385.0
65273.0
65799.0
69495.0
70261.0
70587.0
70913.0
71239.0
71565.0
71891.0
72217.0
72543.0
73209.0
73535.0
73861.0
74187.0
74613.0
75039.0
75805.0
80323.0
80471.0
80619.0
80767.0
80915.0
81063.0
81211.0
81359.0
81507.0
81655.0
81803.0
81951.0
82099.0
82247.0
82395.0
82543.0
82691.0
82839.0
83087.0
83225.0
83543.0
83861.0
84179.0
84497.0
84815.0
85133.0
85451.0
85769.0
85907.0
86045.0
86183.0
86321.0
86459.0
86597.0
86735.0
86873.0
87011.0
87229.0
87547.0
88103.0
88949.0
89895.0
90451.0
90907.0
91363.0
91819.0
92275.0
92731.0
93187.0
93643.0
94099.0
94555.0
96412.0
96868.0
97324.0
97780.0
98236.0
98692.0
99148.0
99604.0
99822.0
100329.0
100478.0
100628.0
100777.0
100927.0
101076.0
101226.0
101375.0
101525.0
101674.0
101824.0
101973.0
102123.0
102272.0
102422.0
102571.0
102721.0
102870.0
103019.0
103415.0
103711.0
103859.0
103998.0
104137.0
104254.0
104372.0
104521.0
104669.0
104808.0
104947.0
105086.0
105225.0
105364.0
105650.0
105889.0
106275.0
106661.0
107047.0
108286.0
112541.0
112837.0
113123.0
113362.0
113480.0
113598.0
113716.0
113834.0
113952.0
114070.0
114188.0
114306.0
114424.0
114542.0
114660.0
114778.0
114896.0
115014.0
115132.0
115249.0
115367.0
115485.0
115603.0
115721.0
115839.0
115957.0
116075.0
116193.0
116311.0
116429.0
116500.0
120357.0
120682.0
121008.0
121334.0
121659.0
122085.0
122511.0
123182.0
123407.0
123733.0
124059.0
124385.0
124811.0
125237.0
129048.0
129474.0
129899.0
130325.0
130651.0
130977.0
131303.0
131629.0
132209.0
134511.0
134837.0
135163.0
135489.0
135815.0
136141.0
136467.0
136793.0
137119.0
137445.0
137771.0
138097.0
138423.0
138749.0
139075.0
139401.0
140329.0
140478.0
140628.0
140777.0
140927.0
141076.0
141226.0
141375.0
141525.0
141674.0
141824.0
141973.0
142123.0
142272.0
142422.0
142571.0
142721.0
142870.0
143019.0
143410.0
143801.0
144192.0
144341.0
144590.0
144739.0
144889.0
145038.0
145188.0
145337.0
145487.0
145636.0
145786.0
145935.0
146085.0
146234.0
146526.0
148449.0
148699.0
148949.0
149199.0
149449.0
149699.0
150090.0
150340.0
150589.0
150839.0
151089.0
151339.0
151489.0
151638.0
151788.0
151937.0
152087.0
152236.0
152386.0
152535.0
152685.0
152834.0
153084.0
153333.0
153483.0
153632.0
153782.0
153931.0
154081.0
154230.0
154379.0
154529.0
154678.0
154828.0
160357.0
160612.0
160968.0
161223.0
161478.0
161734.0
162080.0
162436.0
162691.0
162947.0
163202.0
163458.0
163713.0
164069.0
164425.0
164680.0
165036.0
165291.0
165547.0
165803.0
166059.0
166315.0
168103.5
168560.0
168916.5
169273.0
169629.5
169885.0
180357.0
180682.0
181008.0
181334.0
181659.0
182085.0
182511.0
183182.0
183407.0
183733.0
184059.0
184385.0
185273.0
185799.0
189495.0
190261.0
190587.0
190913.0
191239.0
191565.0
191891.0
192217.0
192543.0
193069.0
193495.0
193821.0
194147.0
194473.0
194799.0
195125.0
195451.0
196217.0
196543.0
196869.0
197195.0
197521.0
198047.0
198473.0
198891.0
199217.0
199543.0
199869.0
200329.0
200478.0
200628.0
200777.0
200927.0
201076.0
201226.0
201375.0
201525.0
201674.0
201824.0
201973.0
202123.0
202272.0
202422.0
202571.0
202721.0
202870.0
203019.0
203169.0
203318.0
203468.0
203617.0
203767.0
203916.0
204553.0
205693.0
205842.0
205992.0
206141.0
206291.0
206440.0
206589.0
206739.0
206888.0
207038.0
207187.0
210447.0
210606.0
210766.0
210925.0
211085.0
211244.0
211404.0
211563.0
211723.0
211882.0
212042.0
212201.0
212361.0
212520.0
212679.0
212839.0
213018.0
213178.0
213337.0
213497.0
213656.0
213816.0
214095.0
214255.0
214414.0
214574.0
214733.0
215113.0
215272.0
215432.0
215591.0
215751.0
220000.0
220286.0
220571.0
220857.0
221143.0
221643.0
222000.0
222357.0
222714.0
223143.0
223500.0
223857.0
224286.0
224643.0
225000.0
225357.0
225714.0
226143.0
226429.0
226714.0
227000.0
227286.0
227571.0
228000.0
228357.0
228542.0
228819.0
229005.0
229181.0
229357.0
230000.0
230357.0
230714.0
231143.0
231419.0
231695.0
231871.0
232047.0
232223.0
232399.0
232575.0
232751.0
233251.0
233527.0
233899.0
234266.0
234629.0
235000.0
235419.0
235775.0
236143.0
236419.0
236595.0
236771.0
236847.0
237023.0
237199.0
237375.0
237551.0
238051.0
238419.0
238775.0
239143.0
239419.0
239595.0
239771.0
239847.0
