20.0
345.0
682.0
1019.0
1355.0
1679.0
2016.0
2353.0
2690.0
3015.0
3352.0
3699.0
4013.0
4350.0
4686.0
5011.0
5359.0
5696.0
6021.0
6358.0
6694.0
7020.0
7356.0
7681.0
8018.0
8355.0
8691.0
9016.0
9353.0
9690.0
10015.0
10351.0
10699.0
11013.0
11350.0
11686.0
12023.0
12359.0
12684.0
13021.0
13358.0
13694.0
14020.0
14356.0
14681.0
15029.0
15354.0
15691.0
16027.0
16352.0
16699.0
17024.0
17350.0
17686.0
18023.0
18359.0
18685.0
19021.0
19358.0
19695.0
20020.0
20391.0
20740.0
21123.0
21506.0
21889.0
22272.0
22656.0
23016.0
23399.0
23771.0
24154.0
24526.0
24909.0
25281.0
25676.0
26059.0
26420.0
26815.0
27186.0
27570.0
27941.0
28324.0
28696.0
29068.0
29451.0
29823.0
30194.0
30577.0
30949.0
31320.0
31704.0
32075.0
32459.0
32830.0
33202.0
33573.0
33957.0
34328.0
34711.0
35083.0
35454.0
35826.0
36209.0
36581.0
36952.0
37324.0
37695.0
38079.0
38450.0
38822.0
39193.0
39565.0
39948.0
39983.0
40020.0
40345.0
40693.0
41029.0
41378.0
41714.0
42063.0
42399.0
42724.0
43073.0
43421.0
43769.0
44118.0
44466.0
44814.0
45163.0
45511.0
45859.0
46196.0
46544.0
46893.0
47230.0
47578.0
47926.0
48263.0
48611.0
48959.0
49308.0
49656.0
49993.0
50341.0
50690.0
51026.0
51374.0
51722.0
52069.0
52418.0
52766.0
53114.0
53451.0
53800.0
54136.0
54484.0
54832.0
55179.0
55528.0
55876.0
56224.0
56573.0
56910.0
57258.0
57606.0
57954.0
58291.0
58639.0
58988.0
59336.0
59684.0
60248.0
60573.0
60910.0
61269.0
61595.0
61955.0
62292.0
62640.0
62999.0
63348.0
63684.0
64044.0
64392.0
64739.0
65088.0
65436.0
65784.0
66121.0
66469.0
66817.0
67166.0
67514.0
67862.0
68211.0
68547.0
68895.0
69244.0
69592.0
69929.0
70289.0
70625.0
70973.0
71322.0
71658.0
71995.0
72355.0
72692.0
73040.0
73388.0
73736.0
74085.0
74433.0
74781.0
75129.0
75478.0
75826.0
76174.0
76523.0
76860.0
77208.0
77556.0
77905.0
78253.0
78601.0
78949.0
79298.0
79646.0
79994.0
80297.0
80531.0
80647.0
80891.0
81029.0
81263.0
81391.0
81624.0
81752.0
81996.0
82124.0
82356.0
82484.0
82728.0
82844.0
83088.0
83216.0
83459.0
83587.0
83831.0
83947.0
84180.0
84319.0
84563.0
84680.0
84912.0
85040.0
85283.0
85411.0
85643.0
85771.0
85992.0
86131.0
86375.0
86491.0
86735.0
86863.0
87095.0
87223.0
87455.0
87583.0
87827.0
87943.0
88175.0
88303.0
88547.0
88675.0
88907.0
89035.0
89267.0
89406.0
89639.0
89766.0
90010.0
90126.0
90369.0
90497.0
90730.0
90869.0
91101.0
91239.0
91472.0
91600.0
91832.0
91960.0
92203.0
92331.0
92563.0
92691.0
92923.0
93051.0
93200.0
100032.0
100256.0
100477.0
100697.0
100920.0
101133.0
101347.0
101581.0
101795.0
102029.0
102240.0
102464.0
102688.0
102912.0
103136.0
103357.0
103581.0
103795.0
104029.0
104240.0
104464.0
104688.0
104920.0
105133.0
105357.0
105581.0
105795.0
106029.0
106240.0
106464.0
106688.0
106920.0
107133.0
107357.0
107581.0
107795.0
108029.0
108240.0
108464.0
108688.0
108920.0
109133.0
109357.0
109581.0
109795.0
110029.0
110240.0
110464.0
110688.0
110920.0
111133.0
111357.0
111581.0
111795.0
112029.0
112240.0
112464.0
112688.0
112920.0
113133.0
113357.0
113581.0
113795.0
114029.0
114240.0
114464.0
114688.0
114920.0
115000.0
115133.0
115357.0
115581.0
120020.0
120379.0
120588.0
120762.0
121040.0
121226.0
121399.0
121585.0
121771.0
122015.0
122387.0
122573.0
122758.0
123025.0
123211.0
123385.0
123583.0
123757.0
124024.0
124372.0
124581.0
124755.0
125022.0
125219.0
125382.0
125579.0
125753.0
126020.0
126379.0
126588.0
126751.0
127029.0
127215.0
127389.0
127586.0
127760.0
128027.0
128376.0
128584.0
128769.0
129025.0
129211.0
129385.0
129582.0
129756.0
130023.0
130372.0
130580.0
130754.0
131021.0
131219.0
131381.0
131579.0
131765.0
132020.0
132379.0
132588.0
132751.0
133029.0
133215.0
133389.0
133586.0
133760.0
134027.0
134376.0
134584.0
134758.0
135025.0
135211.0
135385.0
135500.0
140020.0
140345.0
140670.0
141018.0
141355.0
141692.0
142017.0
142354.0
142690.0
143027.0
143352.0
143699.0
144024.0
144350.0
144686.0
145023.0
145359.0
145685.0
146021.0
146346.0
146695.0
147020.0
147356.0
147693.0
148018.0
148355.0
148680.0
149016.0
149353.0
149689.0
150014.0
150351.0
150699.0
151024.0
151350.0
151686.0
152023.0
152348.0
152685.0
153021.0
153358.0
153683.0
154020.0
154345.0
154682.0
155018.0
155355.0
155680.0
156017.0
156353.0
156690.0
157026.0
157351.0
157699.0
158024.0
158350.0
158686.0
159023.0
159359.0
159684.0
160020.0
160368.0
160577.0
160798.0
161000.0
161029.0
161249.0
161458.0
161679.0
161899.0
162108.0
162339.0
162548.0
162769.0
163105.0
163326.0
163546.0
163755.0
163976.0
164196.0
164417.0
164626.0
164846.0
165067.0
165276.0
165497.0
165706.0
165926.0
166147.0
166368.0
166588.0
166809.0
167018.0
167239.0
167448.0
167679.0
167888.0
168109.0
168329.0
168538.0
168759.0
168979.0
169199.0
169410.0
169630.0
169840.0
170059.0
170268.0
170499.0
170708.0
170929.0
171149.0
171358.0
171579.0
171788.0
172009.0
172229.0
172449.0
172658.0
172879.0
173099.0
173319.0
173528.0
173749.0
173958.0
174179.0
174388.0
174608.0
174829.0
175038.0
175247.0
180020.0
180379.0
180588.0
180740.0
180867.0
181053.0
181204.0
181366.0
181529.0
181679.0
181854.0
182016.0
182156.0
182330.0
182492.0
182655.0
182817.0
182968.0
183142.0
183305.0
183456.0
183607.0
183781.0
183943.0
184094.0
184268.0
184431.0
184582.0
184744.0
184907.0
185081.0
185232.0
185383.0
185545.0
185708.0
185882.0
186033.0
186184.0
186358.0
186521.0
186683.0
186834.0
186997.0
187160.0
187322.0
187485.0
187647.0
187810.0
187972.0
188135.0
188297.0
188459.0
188622.0
188784.0
188947.0
189109.0
189283.0
189434.0
189597.0
189760.0
189911.0
190073.0
190236.0
190409.0
190572.0
190723.0
190886.0
191000.0
191048.0
191211.0
191373.0
191536.0
191687.0
200275.0
200438.0
200693.0
200856.0
201000.0
201007.0
201146.0
201310.0
201450.0
201601.0
201752.0
201903.0
202054.0
202205.0
202356.0
202518.0
202646.0
202810.0
202950.0
203101.0
203251.0
203402.0
203553.0
203704.0
203855.0
204006.0
204157.0
204308.0
204459.0
204609.0
204749.0
204911.0
205074.0
205213.0
205364.0
205515.0
205654.0
205817.0
205956.0
206107.0
206258.0
206409.0
206559.0
206709.0
206860.0
207011.0
207162.0
207313.0
207453.0
207604.0
207755.0
207906.0
208057.0
208208.0
208359.0
208510.0
208661.0
208812.0
208951.0
209102.0
209253.0
209404.0
209555.0
209706.0
209857.0
210008.0
210147.0
210310.0
210450.0
210600.0
210751.0
210902.0
211053.0
211204.0
220020.0
220392.0
220543.0
220763.0
221019.0
221286.0
221553.0
221808.0
222087.0
222354.0
222621.0
222876.0
223143.0
223410.0
223666.0
223933.0
224199.0
224455.0
224722.0
224977.0
225244.0
225511.0
225767.0
226022.0
226290.0
226545.0
226812.0
227079.0
227346.0
227613.0
227868.0
228135.0
228391.0
228646.0
228913.0
229169.0
229436.0
229691.0
229947.0
230214.0
230470.0
230725.0
231004.0
231259.0
231526.0
231782.0
232049.0
232316.0
232583.0
232827.0
233105.0
233361.0
233628.0
233883.0
234139.0
234406.0
234661.0
234928.0
235184.0
235451.0
235706.0
235973.0
236229.0
236484.0
236751.0
237007.0
237274.0
237530.0
237785.0
238000.0
