300.0
400.0
600.0
800.0
1200.0
1400.0
1600.0
1800.0
2000.0
2200.0
2400.0
2600.0
2800.0
3200.0
3400.0
3600.0
3800.0
5200.0
5400.0
5600.0
5800.0
6200.0
6400.0
6600.0
6800.0
7200.0
7400.0
7600.0
7800.0
8000.0
10800.0
11200.0
11400.0
11600.0
11800.0
12000.0
12200.0
12400.0
12600.0
12800.0
13200.0
13400.0
13600.0
13800.0
14000.0
14200.0
14400.0
14600.0
14800.0
15200.0
15400.0
15600.0
15800.0
16000.0
19800.0
20200.0
20382.0
20400.0
20600.0
20800.0
20941.0
21000.0
21502.0
22816.0
23375.0
23934.0
24493.0
24952.0
25511.0
26825.0
27284.0
27843.0
28066.0
28284.0
28502.0
28729.0
29043.0
29357.0
29584.0
30043.0
30502.0
30961.0
31420.0
31879.0
32293.0
32752.0
33211.0
33333.0
33555.0
33777.0
34091.0
34309.0
34536.0
34752.0
35076.0
35390.0
35608.0
35825.0
36648.0
37007.0
37466.0
37925.0
38384.0
38843.0
39302.0
39529.0
39752.0
39875.0
40300.0
40400.0
40600.0
41200.0
41400.0
41800.0
42000.0
42400.0
42600.0
42800.0
43000.0
43200.0
43500.0
43700.0
44200.0
44400.0
45000.0
45200.0
45400.0
45600.0
45800.0
46000.0
46300.0
46600.0
46800.0
47000.0
47300.0
47500.0
48800.0
49000.0
49400.0
49600.0
50000.0
50200.0
50400.0
50600.0
50800.0
51000.0
51300.0
51500.0
51600.0
51800.0
52000.0
52300.0
52500.0
52700.0
52800.0
53000.0
53300.0
53500.0
53800.0
54000.0
54300.0
54500.0
54600.0
54800.0
55000.0
55300.0
55500.0
55700.0
55900.0
56200.0
56800.0
57000.0
57400.0
57600.0
57800.0
58000.0
58300.0
58500.0
58600.0
58800.0
59000.0
59400.0
59600.0
59800.0
60382.0
60941.0
61500.0
62635.0
63769.0
64000.0
64417.0
64738.0
65069.0
65486.0
65807.0
66128.0
66449.0
66770.0
67091.0
67417.0
68333.0
71526.0
71847.0
72168.0
72489.0
72810.0
73135.0
73456.0
73777.0
74098.0
74419.0
74740.0
75061.0
75382.0
75804.0
76221.0
76770.0
77288.0
77847.0
78304.0
78761.0
79218.0
79675.0
80357.0
80811.0
85185.0
85639.0
86094.0
86548.0
87002.0
87456.0
87910.0
88364.0
88818.0
89272.0
89626.0
90080.0
90534.0
90988.0
91442.0
91896.0
92250.0
92604.0
93058.0
93512.0
93966.0
94199.0
94422.0
94645.0
94868.0
95091.0
95314.0
95537.0
95760.0
96214.0
96668.0
97122.0
97576.0
98030.0
98484.0
98938.0
99392.0
99846.0
100000.0
100286.0
100571.0
101000.0
101429.0
101714.0
102286.0
102714.0
103143.0
103286.0
103429.0
103571.0
103714.0
103857.0
104000.0
104143.0
104296.0
104714.0
105714.0
108571.0
109000.0
109429.0
109714.0
110000.0
110286.0
110571.0
110714.0
110857.0
111000.0
111143.0
111286.0
111429.0
111571.0
111857.0
112714.0
113571.0
114286.0
114857.0
114999.0
115429.0
115714.0
115857.0
116000.0
116143.0
116286.0
116429.0
116571.0
116857.0
117143.0
117429.0
117714.0
118286.0
118571.0
118857.0
119000.0
119143.0
119286.0
119429.0
119571.0
119857.0
120267.0
120514.0
120693.0
121000.0
121182.0
121363.0
121610.0
121857.0
122000.0
122247.0
122494.0
122676.0
122923.0
123636.0
123883.0
124130.0
124218.0
124547.0
124636.0
125140.0
125363.0
125506.0
125753.0
125842.0
126189.0
126436.0
126783.0
126965.0
130000.0
130247.0
130494.0
130676.0
131000.0
131182.0
131363.0
131506.0
131753.0
131990.0
132336.0
132425.0
132671.0
133027.0
133115.0
133471.0
133653.0
133835.0
134182.0
134363.0
134506.0
134753.0
134990.0
135336.0
135425.0
135671.0
136115.0
136297.0
136479.0
136661.0
136842.0
137024.0
137270.0
137626.0
137863.0
138109.0
138291.0
138473.0
138655.0
138837.0
139000.0
139073.0
