23.0
522.0
789.0
1000.0
1021.0
1265.0
1520.0
1776.0
2020.0
2275.0
2520.0
2775.0
3020.0
3264.0
3520.0
3775.0
4020.0
4275.0
4520.0
4776.0
5020.0
5276.0
5520.0
5776.0
6020.0
6276.0
6520.0
6776.0
7020.0
7276.0
7520.0
7776.0
8020.0
8276.0
8520.0
8776.0
9020.0
9276.0
9520.0
9776.0
10020.0
10276.0
10520.0
10776.0
11020.0
11276.0
11520.0
11776.0
12020.0
12276.0
12520.0
12776.0
13020.0
13276.0
13520.0
13776.0
14020.0
14276.0
14520.0
14776.0
15020.0
15276.0
15520.0
15776.0
16020.0
16276.0
16520.0
16776.0
17020.0
17276.0
17520.0
17776.0
18020.0
18276.0
20023.0
20568.0
20799.0
21043.0
21275.0
21507.0
21762.0
22018.0
22273.0
22517.0
22784.0
23028.0
23283.0
23527.0
23783.0
24015.0
24270.0
24526.0
24770.0
25025.0
25280.0
25524.0
25779.0
26023.0
26280.0
26524.0
26780.0
27023.0
27279.0
27522.0
27789.0
28022.0
28289.0
28521.0
28788.0
29020.0
29287.0
29520.0
29787.0
30020.0
30275.0
30520.0
30775.0
31020.0
31275.0
31519.0
31774.0
32018.0
32273.0
32529.0
32773.0
33028.0
33284.0
33527.0
33783.0
34026.0
34282.0
34514.0
34781.0
35025.0
35270.0
35525.0
35770.0
36025.0
36280.0
36524.0
36779.0
37023.0
37279.0
37522.0
37700.0
40020.0
40368.0
40542.0
40798.0
41146.0
41390.0
41634.0
41890.0
42133.0
42389.0
42644.0
42899.0
43155.0
43400.0
43655.0
43900.0
44144.0
44387.0
44643.0
44898.0
45154.0
45409.0
45653.0
45909.0
46153.0
46408.0
46652.0
46908.0
47152.0
47407.0
47651.0
47906.0
48150.0
48406.0
48650.0
48905.0
49150.0
49405.0
49649.0
49904.0
50159.0
50403.0
50659.0
50902.0
51158.0
51402.0
51657.0
51901.0
52157.0
52401.0
52656.0
52900.0
53156.0
53400.0
53655.0
53900.0
54155.0
54400.0
54655.0
54900.0
55155.0
55400.0
55655.0
55909.0
56153.0
56409.0
56652.0
56908.0
57152.0
57407.0
57651.0
60275.0
60484.0
60693.0
60890.0
61109.0
61307.0
61516.0
61725.0
61922.0
62131.0
62339.0
62548.0
62757.0
62966.0
63175.0
63384.0
63593.0
63790.0
63999.0
64196.0
64417.0
64626.0
64835.0
65044.0
65253.0
65450.0
65669.0
65878.0
66087.0
66296.0
66493.0
66702.0
66911.0
67120.0
67317.0
67526.0
67735.0
67944.0
68153.0
68362.0
68571.0
68780.0
68977.0
69186.0
69395.0
69604.0
69813.0
70022.0
70231.0
70439.0
70648.0
70857.0
71066.0
71275.0
71484.0
71693.0
71890.0
72109.0
72307.0
72516.0
72725.0
72934.0
73143.0
73352.0
73561.0
73769.0
73978.0
74187.0
74396.0
74605.0
74810.0
80020.0
80379.0
80542.0
80867.0
81041.0
81378.0
81540.0
81888.0
82051.0
82376.0
82549.0
82886.0
83049.0
83386.0
83548.0
83885.0
84048.0
84384.0
84547.0
84884.0
85046.0
85383.0
85557.0
85882.0
86045.0
86381.0
86544.0
86881.0
87043.0
87380.0
87543.0
87880.0
88042.0
88379.0
88553.0
88878.0
89041.0
89389.0
89540.0
89888.0
90040.0
90388.0
90540.0
90876.0
91049.0
91386.0
91549.0
91886.0
92048.0
92385.0
92547.0
92884.0
93047.0
93383.0
93558.0
93883.0
94045.0
94382.0
94545.0
94881.0
95044.0
95381.0
95543.0
95880.0
96043.0
96380.0
96542.0
96880.0
97000.0
97042.0
97389.0
100023.0
100488.0
100963.0
101450.0
101926.0
102379.0
102854.0
103330.0
103806.0
104270.0
104746.0
105222.0
105674.0
106162.0
106638.0
107113.0
107578.0
108053.0
108529.0
109005.0
109470.0
109946.0
110422.0
110898.0
111362.0
111850.0
112313.0
112790.0
113254.0
113729.0
114205.0
114670.0
115146.0
115622.0
116086.0
116562.0
117038.0
117502.0
118001.0
118465.0
118941.0
119405.0
119870.0
119998.0
120024.0
120372.0
120697.0
121057.0
121382.0
121720.0
122068.0
122416.0
122753.0
123113.0
123449.0
123786.0
124135.0
124471.0
124820.0
125168.0
125516.0
125865.0
126213.0
126550.0
126898.0
127246.0
127595.0
127943.0
128291.0
128628.0
128965.0
129313.0
129661.0
130010.0
130346.0
130694.0
131043.0
131380.0
131716.0
132065.0
132413.0
132750.0
133098.0
133446.0
133783.0
134131.0
134479.0
134828.0
135164.0
135513.0
135861.0
136209.0
136558.0
136894.0
137242.0
137591.0
137927.0
138276.0
138624.0
138972.0
139310.0
