357.0
682.0
1008.0
1334.0
1659.0
2000.0
2292.0
2618.0
3251.0
3576.0
3902.0
4228.0
4771.0
5545.0
11196.0
11623.0
12049.0
12476.0
12903.0
13329.0
13756.0
14183.0
14610.0
15037.0
15464.0
15891.0
16318.0
16745.0
17172.0
17648.0
18075.0
18502.0
18929.0
19356.0
19455.0
19554.0
19653.0
19752.0
19851.0
19950.0
20049.0
20148.0
20247.0
20327.0
20346.0
20445.0
20476.0
20544.0
20625.0
20643.0
20742.0
20774.0
20841.0
20923.0
20940.0
21072.0
21221.0
21370.0
21519.0
21668.0
21817.0
22064.0
22312.0
22559.0
22807.0
23055.0
23431.0
23693.0
23842.0
23991.0
24140.0
24289.0
24428.0
24567.0
24706.0
24845.0
24984.0
25123.0
25262.0
25401.0
25539.0
25678.0
25817.0
26045.0
28653.0
29140.0
29289.0
29428.0
29567.0
29706.0
29845.0
29984.0
30123.0
30262.0
30401.0
30539.0
30678.0
30817.0
31045.0
31392.0
32017.0
33388.0
33864.0
34003.0
34142.0
34281.0
34420.0
34559.0
34698.0
34837.0
34976.0
35115.0
35254.0
35392.0
35868.0
36216.0
36792.0
37140.0
37596.0
38072.0
40329.0
40758.0
42290.0
42719.0
45776.0
46206.0
48264.0
48693.0
50371.0
50800.0
50945.0
51089.0
51234.0
51379.0
51523.0
51668.0
51812.0
52629.0
53160.0
53206.0
53535.0
53964.0
56089.0
56234.0
56379.0
56523.0
56668.0
56812.0
57523.0
58340.0
58871.0
59300.0
59839.0
59984.0
60327.0
60447.0
60688.0
60928.0
61290.0
61852.0
62113.0
62353.0
62594.0
62834.0
63075.0
63315.0
63556.0
63796.0
64037.0
64277.0
64518.0
64758.0
65999.0
66240.0
66480.0
66720.0
67282.0
68094.0
68455.0
69137.0
69498.0
69859.0
70220.0
70581.0
70942.0
71303.0
71664.0
72025.0
73848.0
74109.0
74470.0
74831.0
75192.0
75553.0
75914.0
76275.0
76636.0
77097.0
77458.0
77819.0
78180.0
78541.0
78902.0
79263.0
79624.0
79865.0
80357.0
80612.0
80968.0
81223.0
81479.0
81734.0
82080.0
82335.0
82581.0
82836.0
83092.0
83348.0
83604.0
83859.0
84115.0
84361.0
84617.0
84863.0
85119.0
85365.0
85621.0
85877.0
86133.0
86389.0
86645.0
86901.0
87157.0
87413.0
87669.0
87925.0
88181.0
88437.0
88693.0
88949.0
89205.0
89461.0
89717.0
89973.4
100000.0
100286.0
100571.0
101000.0
101429.0
102857.0
103571.0
103857.0
104143.0
104286.0
104429.0
104571.0
104714.0
104857.0
105000.0
105143.0
105286.0
105429.0
105714.0
105857.0
106143.0
106286.0
106571.0
106857.0
107143.0
108286.0
108571.0
108857.0
109429.0
110000.0
110286.0
110571.0
110857.0
111143.0
111286.0
111429.0
111571.0
111714.0
111857.0
112143.0
112286.0
112571.0
112857.0
113286.0
113571.0
113857.0
114286.0
114714.0
115714.0
116143.0
116286.0
116429.0
116571.0
116857.0
117143.0
117286.0
117571.0
117857.0
120267.0
120500.0
120950.0
121235.0
121476.0
121717.0
122500.0
122950.0
123235.0
123476.0
123717.0
124000.0
124235.0
124476.0
124717.0
125000.0
125235.0
125476.0
125717.0
126000.0
126235.0
126476.0
126717.0
128429.0
128670.0
128911.0
129152.0
129393.0
129634.0
129875.0
130116.0
130357.0
130598.0
130839.0
131080.0
131321.0
131562.0
131803.0
132044.0
132285.0
132526.0
132767.0
133008.0
133249.0
133490.0
133731.0
134000.0
134235.0
134476.0
134717.0
135000.0
135235.0
135476.0
135717.0
136000.0
136235.0
136476.0
136717.0
137177.0
137418.0
137659.0
137900.0
138141.0
138267.0
138393.0
138519.0
138645.0
138771.0
138997.0
139238.0
139400.0
