2500.0
2984.0
3468.0
3952.0
4195.0
4437.0
4680.0
4923.0
5166.0
5409.0
5652.0
5895.0
6137.0
6380.0
6623.0
6866.0
7109.0
7352.0
7595.0
7837.0
8080.0
8323.0
8566.0
8809.0
9052.0
9295.0
9537.0
9780.0
10023.0
10266.0
10509.0
10752.0
11137.0
11423.0
11709.0
12109.0
12409.0
12709.0
13095.0
13337.0
13468.0
13610.0
13741.0
13872.0
14003.0
14137.0
14268.0
14409.0
14549.0
14680.0
14823.0
15066.0
15309.0
15552.0
15837.0
16123.0
16366.0
16609.0
16866.0
17109.0
17352.0
17595.0
17837.0
18080.0
18323.0
18454.0
18580.0
18823.0
19066.0
20000.0
20571.0
21000.0
24143.0
24429.0
24873.0
25000.0
25358.0
25582.0
25806.0
26029.0
26253.0
26477.0
26701.0
26835.0
27143.0
27145.0
27500.0
27587.0
27588.0
27858.0
28031.0
28032.0
28202.0
29045.0
29045.0
30159.0
30159.0
30429.0
30873.0
31273.0
31273.0
31317.0
31443.0
31569.0
31793.0
32019.0
32145.0
32270.0
32386.0
32386.0
32386.0
32512.0
32638.0
32764.0
32880.0
32996.0
33112.0
33228.0
33344.0
33460.0
33499.0
33499.0
33576.0
33702.0
33828.0
33954.0
34613.0
34613.0
35735.0
35735.0
36859.0
36859.0
38082.0
38082.0
42500.0
42984.0
43468.0
43952.0
44195.0
44437.0
44680.0
44923.0
45166.0
45409.0
45652.0
45895.0
46137.0
46380.0
46623.0
46866.0
47109.0
47352.0
47595.0
47837.0
48080.0
48323.0
48566.0
48809.0
49052.0
49295.0
49537.0
49780.0
50023.0
50266.0
50509.0
50752.0
51137.0
51380.0
51623.0
51866.0
52009.0
52168.0
52295.0
52437.0
52580.0
52723.0
52866.0
53009.0
53168.0
53452.0
53637.0
53880.0
54123.0
54366.0
54609.0
54852.0
55109.0
55583.0
55723.0
55866.0
56009.0
56168.0
56309.0
56452.0
56609.0
56752.0
56895.0
57037.0
57180.0
57323.0
57468.0
57611.0
57752.0
62500.0
62984.0
63468.0
63952.0
64194.0
64435.0
64677.0
64919.0
65161.0
65403.0
65645.0
65887.0
66129.0
66371.0
66613.0
66855.0
67097.0
67339.0
67581.0
68065.0
68189.0
68431.0
68673.0
69965.0
70449.0
70933.0
71417.0
71801.0
72185.0
72309.0
72551.0
72675.0
72917.0
73041.0
73283.0
73407.0
73649.0
73773.0
73997.0
74121.0
76943.0
77427.0
77911.0
78295.0
78679.0
79163.0
79405.0
82500.0
82984.0
83468.0
83952.0
84194.0
84435.0
84677.0
84919.0
85161.0
85403.0
85645.0
85887.0
86129.0
86371.0
86613.0
86855.0
87097.0
87339.0
87581.0
87823.0
88065.0
88307.0
88549.0
88791.0
89033.0
89275.0
89517.0
89759.0
90000.0
90242.0
90484.0
90726.0
90968.0
91210.0
91452.0
91694.0
91935.0
92177.0
92419.0
92661.0
92903.0
93145.0
93387.0
93629.0
93871.0
94113.0
94355.0
94597.0
94839.0
95081.0
95323.0
95565.0
95807.0
96049.0
96291.0
96533.0
96775.0
97017.0
97259.0
97501.0
97743.0
98227.0
98468.0
98709.0
99097.0
99481.0
102500.0
102984.0
103468.0
103952.0
104195.0
104437.0
104680.0
104923.0
105166.0
105409.0
105652.0
105895.0
106137.0
106380.0
106623.0
106866.0
107109.0
107352.0
107595.0
107837.0
108080.0
108323.0
108566.0
108809.0
109052.0
109295.0
109537.0
109780.0
110023.0
110266.0
110509.0
110752.0
111137.0
111380.0
111623.0
111866.0
112009.0
112195.0
112337.0
112484.0
112623.0
112766.0
112909.0
113168.0
113411.0
113652.0
113895.0
114137.0
114380.0
114623.0
114866.0
115109.0
115583.0
115826.0
116069.0
116312.0
116455.0
116698.0
116841.0
116984.0
117126.0
117269.0
117412.0
117555.0
117698.0
117841.0
117984.0
118126.0
118200.0
120286.0
120714.0
121286.0
125714.0
126286.0
126714.0
127286.0
127714.0
128286.0
128714.0
129286.0
129714.0
130286.0
130714.0
131143.0
131286.0
131429.0
131572.0
131714.0
132500.0
132821.0
133063.0
133206.0
133349.0
133591.0
133734.0
133877.0
134020.0
134163.0
134306.0
134449.0
134691.0
134834.0
135500.0
135821.0
136286.0
136714.0
137286.0
138063.0
138206.0
138349.0
138591.0
138734.0
138877.0
139143.0
139286.0
139429.0
139572.0
139714.0
139857.0
139999.0
