100
108.48
111.224
113.458
114.073
114.209
114.345
114.481
114.617
114.753
114.889
115.025
115.161
115.345
115.481
115.617
115.753
115.889
116.025
116.161
116.335
116.471
116.645
116.781
116.917
117.053
117.189
117.373
117.509
117.645
117.781
117.917
118.053
118.189
118.373
118.509
118.645
118.781
118.917
119.053
119.189
119.373
119.509
119.645
119.781
119.917
120.053
120.189
120.373
120.509
120.645
120.781
120.917
121.053
121.189
121.373
121.509
121.645
121.781
121.917
122.053
122.189
122.373
142.025
142.161
142.335
142.471
142.645
142.819
143.003
143.139
143.265
143.449
143.623
143.759
143.933
144.069
144.243
144.417
144.543
144.669
144.843
144.979
145.153
145.279
145.453
145.627
145.759
145.933
146.069
146.243
146.417
146.543
146.669
146.843
146.979
147.153
147.327
147.459
147.633
147.759
147.933
148.069
148.243
148.417
148.543
148.669
148.843
148.979
149.153
149.327
149.459
149.633
149.759
149.933
