329.0
478.0
627.0
777.0
926.0
1076.0
1225.0
1375.0
1524.0
1674.0
1824.0
1973.0
2123.0
2272.0
2422.0
2571.0
2721.0
2870.0
3019.0
3169.0
3318.0
3468.0
3617.0
3767.0
3916.0
4066.0
4215.0
4365.0
4514.0
4664.0
4813.0
4963.0
5112.0
5262.0
5411.0
5561.0
5710.0
5859.0
5999.1
20327.0
20447.0
20688.0
20928.0
21048.0
21169.0
21289.0
21409.0
21529.0
21770.0
22120.0
22240.0
22360.0
22600.0
22840.0
23580.0
23700.0
23820.0
23940.0
24180.0
24300.0
24420.0
24540.0
24660.0
24780.0
24900.0
25020.0
25140.0
25260.0
25380.0
25620.0
25800.0
26040.0
26280.0
26460.0
29408.0
29649.0
29889.0
30130.0
30370.0
30610.0
30850.0
31090.0
31330.0
31570.0
32557.0
32898.0
33138.0
33379.0
33620.0
33860.0
34100.0
34340.0
34580.0
34820.0
35060.0
35300.0
35540.0
35660.0
35780.0
35900.0
36020.0
36140.0
36260.0
36380.0
36500.0
36620.0
36740.0
36860.0
36980.0
40353.0
42548.0
42909.0
43170.0
43269.0
43710.0
44082.0
45298.0
45749.0
46110.0
46561.0
47002.0
47463.0
47909.0
48370.0
48821.0
49282.0
49733.0
50194.0
50655.0
51116.0
51577.0
52038.0
52499.0
52960.0
53421.0
53882.0
54343.0
54804.0
55265.0
55726.0
56187.0
56648.0
57109.0
57570.0
57684.0
57899.0
58115.0
58331.0
58547.0
58763.0
59124.0
59585.0
59946.0
60061.0
60277.0
60329.0
60478.0
60493.0
60627.0
60709.0
60777.0
60926.0
61076.0
61225.0
61375.0
61524.0
61674.0
61824.0
61973.0
62123.0
62272.0
62422.0
62571.0
62721.0
62870.0
63019.0
63169.0
63318.0
63468.0
63617.0
63767.0
63916.0
64066.0
64215.0
64365.0
64514.0
64664.0
64813.0
64963.0
65112.0
65262.0
65411.0
65561.0
65710.0
65859.0
80329.0
80329.0
80478.0
80478.0
80478.0
80627.0
80777.0
80926.0
81076.0
81225.0
81375.0
81524.0
81674.0
81824.0
81973.0
82123.0
82272.0
82422.0
82571.0
82721.0
82870.0
83019.0
83169.0
83318.0
83468.0
83617.0
83767.0
83916.0
84066.0
84215.0
84365.0
84514.0
84664.0
84813.0
84963.0
85112.0
85262.0
85411.0
85561.0
85710.0
85859.0
85999.0
100326.0
100471.0
100616.0
100761.0
100906.0
101500.0
104235.0
104515.0
104759.0
104904.0
105049.0
105194.0
105339.0
105484.0
105629.0
105774.0
105919.0
106064.0
106836.0
107968.0
108113.0
108258.0
108403.0
108548.0
108694.0
109566.0
109846.0
109991.0
120000.0
120267.0
120500.0
120583.0
120714.0
121000.0
121143.0
121286.0
121429.0
121571.0
121714.0
122386.0
125143.0
125714.0
126000.0
126143.0
126286.0
126429.0
126571.0
126714.0
126857.0
126986.0
127129.0
127271.0
128143.0
128286.0
128429.0
128571.0
128714.0
129000.0
129143.0
129286.0
129429.0
129571.0
