327.0
449.0
671.0
893.0
1215.0
1537.0
1859.0
2280.0
2502.0
2824.0
3245.0
3467.0
3689.0
3911.0
4133.0
4355.0
4477.0
4699.0
5020.0
5537.0
6859.0
7909.0
8959.0
9181.0
9403.0
9625.0
9847.0
10069.0
10290.0
10512.0
10734.0
11250.0
11671.0
12188.0
12609.0
13126.0
13449.0
13571.0
13793.0
13915.0
14137.0
14359.0
14581.0
14803.0
15025.0
15247.0
15469.0
15808.0
16229.0
17280.0
18758.0
19190.0
19412.0
19634.0
19856.0
19978.0
20329.0
20478.0
20628.0
20777.0
20927.0
21076.0
21226.0
21375.0
21525.0
21674.0
21824.0
21973.0
22123.0
22272.0
22422.0
22571.0
22721.0
22870.0
23019.0
23410.0
23659.0
23910.0
24159.0
24410.0
24659.0
24910.0
25159.0
25410.0
25659.0
25808.0
25958.0
26107.0
26367.0
26626.0
28435.0
28674.0
28934.0
29173.0
29435.0
29674.0
29934.0
30173.0
30435.0
30674.0
30934.0
31173.0
31435.0
31674.0
31934.0
32173.0
32435.0
32674.0
32934.0
33173.0
33435.0
33674.0
33934.0
34173.0
34435.0
34674.0
34934.0
35173.0
35435.0
35674.0
35934.0
36173.0
36435.0
36674.0
36934.0
37173.0
40329.0
40478.0
40628.0
40777.0
40927.0
41076.0
41226.0
41375.0
41525.0
41674.0
41824.0
41973.0
42123.0
42272.0
42422.0
42571.0
42721.0
42870.0
43019.0
43169.0
43318.0
43468.0
43617.0
43767.0
43916.0
44553.0
45693.0
45842.0
45992.0
46141.0
46291.0
46440.0
46589.0
46739.0
46888.0
47038.0
47187.0
50262.0
50482.0
50702.0
50841.0
51061.0
51281.0
51401.0
51521.0
51641.0
51761.0
51881.0
51991.0
52101.0
52201.0
52301.0
52381.0
52461.0
52641.0
52801.0
53021.0
53161.0
53441.0
53601.0
53761.0
53921.0
60329.0
60478.0
60628.0
60777.0
60927.0
61076.0
61226.0
61375.0
61525.0
61674.0
61824.0
61973.0
62123.0
62272.0
62422.0
62571.0
62721.0
62870.0
63019.0
63169.0
63318.0
63468.0
63617.0
63767.0
63916.0
64632.0
65756.0
65905.0
66055.0
66204.0
66354.0
66503.0
66653.0
66802.0
66952.0
67101.0
67251.0
67401.0
67550.0
67700.0
67849.0
67999.0
68149.0
68298.0
68448.0
68597.0
68747.0
68896.0
69046.0
69195.0
69345.0
69494.0
69644.0
69793.0
80352.0
80441.0
80885.0
81094.0
81203.0
81421.0
81530.0
81875.0
82083.0
82291.0
82735.0
83070.0
83388.0
83696.0
84040.0
84248.0
84504.0
84722.0
84831.0
85176.0
85421.0
85530.0
85875.0
86083.0
88530.0
89126.0
89471.0
89719.0
89828.0
90173.0
90282.0
90627.0
90845.0
90954.0
91219.0
91273.0
91300.0
91504.0
91564.0
92291.0
93388.0
93733.0
94078.0
94423.0
94867.0
95212.0
95557.0
95666.0
96110.0
96455.0
96673.0
96782.0
97127.0
97236.0
97581.0
97889.0
98234.0
98579.0
98787.0
99132.0
100357.0
100682.0
101008.0
101334.0
101659.0
102085.0
102511.0
103159.0
103807.0
103926.0
104045.0
104164.0
104283.0
104402.0
104521.0
104640.0
104759.0
104878.0
105021.0
105247.0
105573.0
108491.0
108610.0
108729.0
108848.0
109085.0
109411.0
109737.0
110063.0
110389.0
110615.0
110851.0
111177.0
111403.0
111629.0
111855.0
112081.0
112407.0
114225.0
114651.0
115077.0
115503.0
116039.0
116465.0
116891.0
117317.0
117643.0
118169.0
118495.0
118821.0
119247.0
119473.0
119692.0
119901.0
120267.0
120500.0
120733.0
121267.0
122833.0
123067.0
123500.0
124067.0
124417.0
124556.0
124792.0
125028.0
125167.0
125417.0
125556.0
125792.0
125928.0
126067.0
126500.0
126733.0
126969.0
127215.0
128385.0
128521.0
128757.0
128993.0
129129.0
129267.0
129513.0
129757.0
130003.0
130249.0
130485.0
130721.0
131267.0
132437.0
132573.0
132709.0
132845.0
133081.0
133317.0
133453.0
133589.0
133825.0
134061.0
134297.0
134433.0
134569.0
134705.0
135257.0
135493.0
135729.0
135865.0
136001.0
136137.0
136500.0
136733.0
137167.0
137500.0
137917.0
138056.0
138192.0
138328.0
138464.0
138601.0
138737.0
138873.0
139549.0
