323.0
478.0
634.0
789.0
945.0
1101.0
1256.0
1412.0
1568.0
1724.0
2045.0
2201.0
2357.0
2513.0
2669.0
2719.0
2769.0
2819.0
2891.0
3057.0
3378.0
3699.0
3845.0
3995.0
4149.0
4305.0
4461.0
4617.0
4773.0
5095.0
5251.0
11529.0
11685.0
11773.0
11861.0
11945.0
12033.0
12117.0
12201.0
12289.0
12373.0
12455.0
12611.0
12767.0
12851.0
12935.0
13029.0
13117.0
13201.0
13289.0
13373.0
13455.0
13611.0
13756.0
13845.0
13995.0
14149.0
14305.0
14461.0
14617.0
14767.0
14851.0
14935.0
15139.0
15845.0
16091.0
16385.0
16541.0
20357.0
20814.0
21000.0
21695.0
22576.0
22814.0
23051.0
23059.0
23305.0
23305.0
23551.0
23551.0
23897.0
23897.0
24243.0
24243.0
24709.0
24709.0
25165.0
25165.0
25621.0
25621.0
26076.0
26076.0
26532.0
26532.0
27088.0
27088.0
28076.0
28076.0
28422.0
28422.0
28508.0
28508.0
28854.0
28854.0
29310.0
29310.0
30000.0
30000.0
30346.0
30346.0
30432.0
30432.0
30518.0
30518.0
30864.0
30864.0
31320.0
31320.0
32202.0
32202.0
33188.0
33188.0
34076.0
34532.0
35088.0
35544.0
35990.0
36446.0
36901.0
37357.0
37814.0
38260.0
38715.0
39171.0
39627.0
40382.0
40941.0
41794.0
45176.0
45516.0
45856.0
46295.0
46635.0
47074.0
47516.0
48376.0
50091.0
50431.0
50771.0
51111.0
51451.0
51794.0
52235.0
52574.0
53016.0
53356.0
53695.0
54035.0
54376.0
54935.0
55376.0
55818.0
56257.0
56972.0
57832.0
58951.0
59666.0
60323.0
60471.0
60619.0
60767.0
60916.0
61064.0
61213.0
62578.0
62727.0
62875.0
63026.0
63173.0
63323.0
63471.0
63619.0
63767.0
63916.0
64064.0
64213.0
64362.0
64511.0
64659.0
64808.0
66163.0
66312.0
66460.0
66609.0
66757.0
66906.0
67055.0
67203.0
67352.0
67501.0
67649.0
67798.0
68232.0
68988.0
69508.0
70029.0
70550.0
71071.0
71592.0
72113.0
72634.0
73155.0
73676.0
74297.0
74818.0
75339.0
75860.0
76381.0
76902.0
77423.0
78888.0
79409.0
79930.0
80357.0
80812.0
82357.0
82812.0
83267.0
83722.0
84177.0
84632.0
85188.0
85643.0
89098.0
89553.0
90008.0
90464.0
90919.0
91374.0
91829.0
92284.0
92739.0
93194.0
93649.0
94104.0
94559.0
95014.0
95469.0
95924.0
96379.0
96834.0
97289.0
97744.0
98069.0
98484.0
98809.0
99134.0
99589.0
99914.0
100323.0
100478.0
100657.0
100904.0
102106.0
102353.0
102600.0
102847.0
103134.0
103429.0
103608.0
103754.0
103890.0
103992.0
104127.0
104413.0
104600.0
104745.0
104881.0
105016.0
105252.0
105398.0
105533.0
105669.0
105805.0
105941.0
106077.0
106313.0
106688.0
107222.0
107756.0
108290.0
108945.0
109500.0
109945.0
110057.0
110237.0
110383.0
110562.0
110674.0
110853.0
111033.0
111270.0
111645.0
112180.0
113134.0
114413.0
114798.0
115045.0
115157.0
115337.0
115449.0
115629.0
115809.0
116045.0
116413.0
118106.0
118481.0
118661.0
118841.0
119021.0
119257.0
119369.0
119481.0
119661.0
119841.0
120000.0
120021.0
120143.0
120267.0
120514.0
120519.0
120694.0
121000.0
121181.0
121362.0
121618.0
121865.0
122046.0
122292.0
122539.0
122720.0
123500.0
123819.0
124065.0
124311.0
124558.0
124805.0
125052.0
125399.0
125645.0
125826.0
126703.0
127049.0
127230.0
128918.0
129265.0
129511.0
129758.0
129949.0
