20.0
379.0
542.0
681.0
855.0
995.0
1134.0
1308.0
1447.0
1622.0
1773.0
1935.0
2086.0
2237.0
2399.0
2550.0
2690.0
2864.0
3003.0
3154.0
3328.0
3479.0
3629.0
3780.0
3943.0
4094.0
4245.0
4396.0
4547.0
4710.0
4872.0
5023.0
5186.0
5325.0
5488.0
5639.0
5790.0
5941.0
6092.0
6254.0
6405.0
6556.0
6707.0
6858.0
7021.0
7172.0
7323.0
7485.0
7636.0
7787.0
7949.0
8101.0
8252.0
8403.0
8554.0
8705.0
8856.0
9007.0
9158.0
9310.0
9472.0
9623.0
9774.0
9925.0
10076.0
10239.0
10390.0
10552.0
10703.0
10854.0
11005.0
11156.0
11319.0
20020.0
20379.0
20681.0
21054.0
21379.0
21751.0
22109.0
22469.0
22829.0
23177.0
23525.0
23885.0
24257.0
24605.0
24965.0
25325.0
25673.0
26021.0
26370.0
26730.0
27090.0
27438.0
27786.0
28158.0
28529.0
28878.0
29238.0
29598.0
29958.0
30318.0
30678.0
31026.0
31374.0
31734.0
32082.0
32430.0
32790.0
33149.0
33509.0
33858.0
34218.0
34566.0
34914.0
35262.0
35622.0
35970.0
36330.0
36689.0
37026.0
37374.0
37734.0
38082.0
38442.0
38790.0
39149.0
39509.0
39858.0
40020.0
40379.0
40681.0
40948.0
41250.0
41528.0
41819.0
42178.0
42479.0
42781.0
43072.0
43362.0
43675.0
43942.0
44244.0
44534.0
44813.0
45161.0
45475.0
45765.0
46067.0
46370.0
46671.0
46950.0
47252.0
47542.0
47832.0
48134.0
48424.0
48726.0
49016.0
49329.0
49619.0
49910.0
50223.0
50525.0
50815.0
51117.0
51407.0
51710.0
52023.0
52313.0
52615.0
52917.0
53207.0
53509.0
53822.0
54124.0
54414.0
54716.0
55018.0
55320.0
55622.0
55923.0
56225.0
56527.0
56818.0
57120.0
57421.0
57723.0
58025.0
58327.0
58617.0
58929.0
59220.0
59522.0
59823.0
60020.0
60357.0
60682.0
60995.0
61344.0
61680.0
62029.0
62354.0
62680.0
63028.0
63353.0
63690.0
64015.0
64352.0
64699.0
65024.0
65350.0
65698.0
66023.0
66359.0
66696.0
67021.0
67358.0
67683.0
68020.0
68357.0
68693.0
69029.0
69355.0
69691.0
70028.0
70353.0
70689.0
71026.0
71351.0
71699.0
72024.0
72350.0
72698.0
73023.0
73359.0
73696.0
74021.0
74358.0
74695.0
75020.0
75356.0
75693.0
76029.0
76354.0
76691.0
77028.0
77353.0
77690.0
78026.0
78351.0
78688.0
79025.0
79350.0
80020.0
80379.0
80681.0
80855.0
80994.0
81285.0
81459.0
81598.0
81899.0
82074.0
82201.0
82561.0
82852.0
83014.0
83153.0
83455.0
83629.0
83757.0
83942.0
84070.0
84372.0
84523.0
84674.0
84976.0
85138.0
85278.0
85568.0
85742.0
85893.0
86183.0
86346.0
86485.0
86787.0
86949.0
87089.0
87390.0
87553.0
87692.0
87994.0
88145.0
88284.0
88586.0
88749.0
88888.0
89189.0
89352.0
89491.0
89793.0
89956.0
90095.0
90385.0
90559.0
90699.0
90990.0
91152.0
91291.0
91593.0
91756.0
91895.0
92185.0
92348.0
92487.0
92789.0
92951.0
93091.0
93392.0
93555.0
93694.0
93996.0
94158.0
94290.0
100020.0
100391.0
100751.0
101146.0
101530.0
101901.0
102284.0
102644.0
103039.0
103422.0
103805.0
104188.0
104583.0
104955.0
105350.0
105721.0
106104.0
106488.0
106871.0
107254.0
107649.0
108032.0
108404.0
108787.0
109170.0
109554.0
109937.0
110320.0
110715.0
111086.0
111469.0
111864.0
112247.0
112631.0
113014.0
113397.0
113770.0
114165.0
114548.0
114932.0
115315.0
115698.0
116093.0
116477.0
116860.0
117243.0
117627.0
118010.0
118393.0
118777.0
119160.0
119543.0
119927.0
119997.0
119997.0
120028.0
120399.0
120759.0
121142.0
121502.0
121862.0
122257.0
122628.0
122999.0
123371.0
123742.0
124126.0
124485.0
124868.0
125240.0
125600.0
125983.0
126355.0
126726.0
127098.0
127470.0
127841.0
128213.0
128573.0
128956.0
129339.0
129701.0
130072.0
130455.0
130827.0
131187.0
131560.0
131931.0
132303.0
132663.0
133046.0
133406.0
133778.0
134161.0
134521.0
134893.0
135265.0
135625.0
136008.0
136379.0
136751.0
137123.0
137494.0
137866.0
138238.0
138609.0
138981.0
139341.0
139724.0
139968.0
