8264.0
9508.0
10098.0
10730.0
11071.0
11291.0
11411.0
11531.0
11651.0
11771.0
11991.0
12435.0
13067.0
13859.0
14795.0
16528.0
17320.0
17540.0
17660.0
17780.0
17900.0
18020.0
18140.0
18260.0
18380.0
18500.0
18620.0
18740.0
18860.0
19105.0
19349.0
19893.0
20437.0
20981.0
22903.0
25897.0
26730.0
27564.0
28398.0
30698.0
31532.0
32366.0
34666.0
35500.0
36334.0
38634.0
39468.0
40329.0
40578.0
40827.0
41078.0
41329.0
41714.0
42186.0
42759.0
43000.0
43241.0
43492.0
43741.0
44000.0
44241.0
44492.0
45065.0
45896.0
46727.0
47558.0
48389.0
49058.0
49186.0
49220.0
50017.0
50186.0
50437.0
50798.0
51049.0
51298.0
51467.0
51637.0
51896.0
52065.0
52235.0
52492.0
52741.0
53000.0
53241.0
53492.0
53741.0
54000.0
54241.0
54492.0
55065.0
55896.0
56727.0
58000.0
59241.0
59492.0
59741.0
59869.0
59986.0
60156.0
60329.0
60578.0
60741.0
60992.0
62000.0
62500.0
63600.0
64000.0
64200.0
64800.0
65000.0
65300.0
65500.0
65700.0
65900.0
66100.0
66200.0
66500.0
66600.0
66800.0
67000.0
67200.0
67300.0
67500.0
67600.0
67800.0
68000.0
68200.0
68400.0
68600.0
69000.0
69200.0
69400.0
69800.0
70000.0
70300.0
70400.0
70500.0
70600.0
70800.0
70900.0
71100.0
71200.0
71300.0
71400.0
71500.0
71600.0
71800.0
72000.0
72200.0
72400.0
72600.0
72800.0
73000.0
73200.0
73400.0
73600.0
73800.0
74000.0
74200.0
74400.0
74600.0
74800.0
75000.0
75500.0
75600.0
75800.0
76000.0
79000.0
79200.0
79400.0
79600.0
79800.0
79900.0
80326.0
80569.0
80812.0
81055.0
81298.0
81780.0
82493.0
82975.0
83218.0
83831.0
84074.0
84317.0
84569.0
84812.0
85055.0
85298.0
85541.0
85784.0
86027.0
86270.0
86518.0
86761.0
87004.0
87247.0
87493.0
87736.0
88958.0
89201.0
89683.0
89926.0
90169.0
90412.0
90655.0
90898.0
91141.0
91384.0
91627.0
91870.0
92118.0
92361.0
92604.0
93086.0
93329.0
93572.0
93815.0
94058.0
94301.0
94544.0
94787.0
95030.0
95273.0
95516.0
95759.0
96002.0
96245.0
96727.0
97070.0
97452.0
97795.0
98138.0
98381.0
98624.0
98867.0
101000.0
102500.0
102984.0
103468.0
103952.0
104194.0
104435.0
104677.0
104919.0
105161.0
105403.0
105645.0
105887.0
106129.0
106371.0
106613.0
106855.0
107097.0
107339.0
107581.0
107823.0
108065.0
108307.0
108549.0
108791.0
109033.0
109275.0
109517.0
109759.0
109901.0
110435.0
110819.0
111101.0
111585.0
111727.0
111869.0
112011.0
112153.0
112295.0
112437.0
112579.0
112721.0
112863.0
112995.0
113137.0
113279.0
113421.0
113563.0
113705.0
113847.0
113989.0
114131.0
114273.0
114415.0
114557.0
114799.0
115581.0
116065.0
116449.0
116833.0
117217.0
117508.0
117650.0
117792.0
117934.0
118076.0
118218.0
118360.0
118502.0
122903.0
125897.0
126820.0
127743.0
128666.0
129589.0
130000.0
130412.0
130824.0
131236.0
131648.0
132060.0
132472.0
132884.0
133296.0
133708.0
134120.0
134532.0
134944.0
135356.0
135768.0
136180.0
136592.0
136875.0
137157.0
140942.0
141185.0
141428.0
141671.0
142000.0
142500.0
142984.0
143468.0
143952.0
144195.0
144437.0
144680.0
144923.0
145166.0
145409.0
145652.0
145895.0
146137.0
146380.0
146623.0
146866.0
147109.0
147315.0
147352.0
147558.0
147595.0
147801.0
147837.0
148044.0
148185.0
148428.0
148500.0
148570.0
148815.0
148984.0
149058.0
149209.0
149468.0
149468.0
149619.0
