329.0
758.0
2290.0
2719.0
5241.0
5670.0
8290.0
8719.0
9148.0
9577.0
9906.0
10335.0
10983.0
11412.0
11841.0
12270.0
12290.0
12719.0
12790.0
13148.0
13219.0
13577.0
13648.0
13906.0
14077.0
14335.0
14506.0
14764.0
15040.0
15193.0
15622.0
16051.0
16357.0
16480.0
16786.0
16823.0
16909.0
17219.0
17252.0
17335.0
17539.0
17648.0
17664.0
17681.0
17868.0
17993.0
18077.0
18219.0
18290.0
18290.0
18321.0
18506.0
18550.0
18648.0
18719.0
18719.0
18935.0
19077.0
19148.0
19148.0
19364.0
19506.0
19577.0
19577.0
19906.0
19906.0
19935.0
20323.0
21481.0
21630.0
21789.0
21947.0
22106.0
22265.0
22424.0
22583.0
22742.0
22901.0
23059.0
23218.0
23377.0
23536.0
23695.0
23854.0
24013.0
24172.0
24331.0
24490.0
24649.0
24808.0
25966.0
26125.0
26284.0
26443.0
26602.0
26761.0
26920.0
27079.0
27238.0
27397.0
27881.0
28265.0
28547.0
28931.0
29193.0
29352.0
29511.0
29669.0
29828.0
30087.0
30471.0
30629.0
31113.0
31272.0
31431.0
31589.0
31748.0
31907.0
32066.0
32225.0
32384.0
32543.0
32702.0
33186.0
33345.0
33504.0
33663.0
33822.0
33981.0
34140.0
34399.0
34658.0
35142.0
35301.0
35460.0
35619.0
35778.0
40329.0
40758.0
42846.0
43275.0
45363.0
45892.0
48980.0
49510.0
50040.0
50569.0
51098.0
51627.0
52156.0
52685.0
53214.0
53743.0
54272.0
54801.0
55330.0
55859.0
56388.0
56917.0
57446.0
57975.0
58504.0
58933.0
59462.0
59991.0
60320.0
60400.0
60480.0
60560.0
60700.0
60800.0
60880.0
60960.0
61040.0
61120.0
61300.0
61520.0
65300.0
65480.0
65640.0
65800.0
65960.0
66120.0
66280.0
66440.0
66510.0
66680.0
66760.0
66840.0
66920.0
67000.0
67160.0
67390.0
67610.0
67940.0
68270.0
68500.0
68830.0
68990.0
69150.0
69480.0
69710.0
69940.0
80327.0
80455.0
80683.0
80811.0
80939.0
81067.0
81295.0
81423.0
81551.0
81679.0
81807.0
82045.0
82213.0
82776.0
89139.0
89367.0
89595.0
89823.0
90051.0
90279.0
90507.0
90735.0
90863.0
91091.0
91319.0
91447.0
91575.0
91703.0
91831.0
91959.0
92087.0
92215.0
92343.0
92806.0
93428.0
93656.0
93884.0
94112.0
94340.0
94568.0
94696.0
94824.0
94952.0
95080.0
95308.0
95436.0
95564.0
95692.0
95820.0
95948.0
96176.0
96304.0
96667.0
97401.0
97629.0
97757.0
97885.0
98013.0
98141.0
98269.0
98397.0
98525.0
98988.0
99843.0
100329.0
100758.0
102849.0
103278.0
103822.0
104251.0
105342.0
105771.0
106315.0
106744.0
107288.0
107717.0
108261.0
108690.0
109019.0
110000.0
110429.0
110858.0
111288.0
111717.0
112146.0
112575.0
113120.0
113549.0
113978.0
114408.0
114837.0
115267.0
115696.0
116126.0
116555.0
116984.0
117895.0
118324.0
118753.0
119183.0
119612.0
119895.0
120320.0
120468.0
120470.0
120620.0
120759.0
120770.0
120920.0
121040.0
121070.0
121220.0
121370.0
121411.0
121520.0
121670.0
121792.0
121820.0
121970.0
122120.0
122163.0
122270.0
122420.0
122534.0
122570.0
122720.0
122870.0
122905.0
123020.0
123170.0
123276.0
123320.0
123470.0
123620.0
123647.0
123708.0
123770.0
123920.0
123990.0
124000.0
124051.0
124070.0
124220.0
124332.0
124370.0
124393.0
124520.0
124670.0
124820.0
124970.0
125120.0
125270.0
125420.0
125570.0
125720.0
125870.0
126020.0
126170.0
126320.0
126470.0
126620.0
126770.0
126920.0
127070.0
127220.0
127370.0
127520.0
127670.0
127820.0
127970.0
128120.0
128270.0
128420.0
128570.0
128720.0
128870.0
129020.0
129170.0
129320.0
129470.0
129620.0
129770.0
142500.0
142984.0
143468.0
143952.0
144194.0
144435.5
144677.0
144918.5
145159.9
145401.4
145643.0
145884.5
146126.0
146367.5
146609.0
146850.5
147091.9
147333.4
147574.9
147816.4
148057.9
148399.4
148640.9
148882.4
149123.9
149365.5
149607.0
149848.5
150089.9
150331.4
150572.9
150814.4
151055.9
151397.4
151638.9
151880.4
152121.9
152363.4
152604.9
152846.4
153087.9
153329.5
153571.0
153812.5
154054.1
154295.6
154537.1
154778.6
155019.9
155261.4
155502.9
155744.4
155985.9
156227.4
156468.9
156710.4
156951.9
157193.4
157435.0
157676.5
157918.0
158159.0
