20.0
357.0
694.0
1018.0
1355.0
1692.0
2028.0
2353.0
2689.0
3026.0
3351.0
3688.0
4025.0
4350.0
4698.0
5023.0
5359.0
5696.0
6021.0
6358.0
6683.0
7020.0
7356.0
7693.0
8029.0
8354.0
8691.0
9028.0
9353.0
9690.0
10026.0
10351.0
10688.0
11025.0
11350.0
11698.0
12023.0
12359.0
12696.0
13021.0
13358.0
13695.0
14020.0
14356.0
14693.0
15029.0
15354.0
15691.0
16028.0
16353.0
16690.0
17026.0
17351.0
17699.0
18024.0
18350.0
18686.0
19023.0
19359.0
19684.0
20287.0
20438.0
20566.0
20972.0
21123.0
21240.0
21658.0
21809.0
21936.0
22342.0
22517.0
22644.0
22923.0
23074.0
23213.0
23596.0
23769.0
23897.0
24315.0
24478.0
24606.0
25024.0
25175.0
25314.0
25720.0
25894.0
26022.0
26439.0
26590.0
26729.0
27147.0
27309.0
27449.0
27855.0
28029.0
28157.0
28563.0
28737.0
28877.0
29295.0
29457.0
29585.0
30014.0
30177.0
30316.0
30722.0
30897.0
31024.0
31442.0
31593.0
31721.0
32149.0
32300.0
32439.0
32857.0
33020.0
33147.0
33565.0
33728.0
33867.0
34285.0
34448.0
34587.0
35005.0
35179.0
35307.0
35725.0
35899.0
36027.0
36445.0
40275.0
40693.0
40844.0
41029.0
41238.0
41436.0
41621.0
41829.0
42027.0
42224.0
42422.0
42619.0
42828.0
43025.0
43223.0
43420.0
43629.0
43826.0
44023.0
44221.0
44429.0
44627.0
44824.0
45021.0
45229.0
45427.0
45624.0
45821.0
46029.0
46227.0
46424.0
46622.0
46820.0
47028.0
47225.0
47423.0
47620.0
47829.0
48026.0
48223.0
48421.0
48629.0
48826.0
49024.0
49221.0
49429.0
49627.0
49824.0
50021.0
50229.0
50427.0
50624.0
50821.0
51029.0
51227.0
51424.0
51621.0
51829.0
52027.0
52224.0
52421.0
52629.0
52827.0
53024.0
53221.0
53429.0
53627.0
53824.0
54000.0
54021.0
54229.0
60285.0
60436.0
60598.0
60749.0
60912.0
61000.0
61074.0
61225.0
61399.0
61550.0
61713.0
61875.0
62026.0
62189.0
62340.0
62502.0
62653.0
62816.0
62978.0
63129.0
63280.0
63443.0
63594.0
63756.0
63907.0
64058.0
64221.0
64383.0
64522.0
64697.0
64848.0
65010.0
65173.0
65324.0
65475.0
65626.0
65788.0
65928.0
66090.0
66264.0
66415.0
66578.0
66705.0
66880.0
67042.0
67193.0
67356.0
67507.0
67658.0
67810.0
67972.0
68123.0
68274.0
68425.0
68576.0
68739.0
68890.0
69041.0
69203.0
69354.0
69517.0
69679.0
69830.0
69981.0
70132.0
70283.0
70445.0
70608.0
70747.0
70910.0
71072.0
71223.0
71374.0
71525.0
80275.0
80635.0
80891.0
81042.0
81297.0
81448.0
81692.0
81855.0
82098.0
82249.0
82505.0
82750.0
83005.0
83156.0
83399.0
83574.0
83806.0
84084.0
84328.0
84595.0
84840.0
85095.0
85258.0
85490.0
85652.0
85908.0
86152.0
86407.0
86651.0
86906.0
87149.0
87417.0
87660.0
87904.0
88148.0
88403.0
88647.0
88891.0
89158.0
89390.0
89646.0
89901.0
90156.0
90400.0
90644.0
90900.0
91155.0
91400.0
91655.0
91887.0
92154.0
92409.0
92653.0
92909.0
93152.0
93408.0
93652.0
93907.0
94151.0
94406.0
94649.0
94905.0
95150.0
95405.0
95650.0
95905.0
96149.0
96404.0
96659.0
96903.0
97100.0
100279.0
100534.0
100685.0
100813.0
101092.0
101254.0
101382.0
101660.0
101811.0
101939.0
102218.0
102370.0
102486.0
102776.0
102927.0
103055.0
103322.0
103484.0
103612.0
103891.0
104030.0
104169.0
104448.0
104600.0
104727.0
105006.0
105145.0
105285.0
105563.0
105714.0
105854.0
106132.0
106283.0
106423.0
106690.0
106852.0
106980.0
107247.0
107409.0
107537.0
107816.0
107955.0
108094.0
108373.0
108524.0
108652.0
108930.0
109081.0
109210.0
109488.0
109639.0
109779.0
110057.0
110208.0
110336.0
110614.0
110765.0
110893.0
111172.0
111334.0
111462.0
111740.0
111880.0
112020.0
112287.0
112449.0
112577.0
112855.0
113006.0
113146.0
113424.0
113575.0
120256.0
120499.0
120732.0
121022.0
121289.0
121521.0
121765.0
122021.0
122264.0
122520.0
122764.0
123019.0
123275.0
123518.0
123774.0
124029.0
124273.0
124517.0
124772.0
125028.0
125271.0
125515.0
125771.0
126026.0
126270.0
126514.0
126770.0
127025.0
127279.0
127523.0
127779.0
128022.0
128278.0
128521.0
128777.0
129021.0
129276.0
129520.0
129776.0
130020.0
130275.0
130529.0
130773.0
131017.0
131272.0
131528.0
131771.0
132027.0
132270.0
132526.0
132770.0
133025.0
133279.0
133523.0
133779.0
134022.0
134278.0
134521.0
134777.0
135020.0
135276.0
135520.0
135775.0
136019.0
136274.0
136529.0
136773.0
137029.0
137272.0
137528.0
140024.0
140384.0
140570.0
140698.0
140895.0
141035.0
141232.0
141395.0
141580.0
141731.0
141929.0
142079.0
142277.0
142428.0
142625.0
142788.0
142985.0
143124.0
143310.0
143484.0
143658.0
143844.0
144007.0
144204.0
144367.0
144552.0
144715.0
144890.0
145064.0
145238.0
145424.0
145586.0
145772.0
145935.0
146110.0
146284.0
146469.0
146644.0
146806.0
146992.0
147155.0
147330.0
147492.0
147678.0
147864.0
148026.0
148201.0
148363.0
148549.0
148723.0
148886.0
149071.0
149245.0
149431.0
149594.0
149768.0
149954.0
150128.0
150302.0
150476.0
150662.0
150836.0
151022.0
151184.0
151358.0
151544.0
151729.0
151892.0
152066.0
152252.0
152426.0
152589.0
