300.0
400.0
600.0
1200.0
1400.0
1800.0
2200.0
2600.0
3000.0
3400.0
3800.0
4200.0
4600.0
5000.0
5400.0
5800.0
6000.0
6100.0
6200.0
6300.0
6400.0
6500.0
6600.0
6800.0
7200.0
7600.0
7900.0
8400.0
10100.0
10400.0
10800.0
11200.0
11600.0
12000.0
12400.0
12800.0
13200.0
13600.0
13700.0
13800.0
14000.0
14100.0
14200.0
14300.0
14400.0
14600.0
14800.0
15200.0
15600.0
16000.0
16400.0
16800.0
19000.0
20323.0
21481.0
21862.0
22243.0
22595.0
23076.0
23557.0
24038.0
24419.0
24800.0
25181.0
25423.0
26166.0
27648.0
28806.0
29965.0
30346.0
30688.0
31069.0
31311.0
31492.0
31673.0
31854.0
32035.0
32216.0
32397.0
32578.0
32759.0
33001.0
33382.0
36545.0
36926.0
37308.0
37689.0
38070.0
38451.0
38793.0
39174.0
39555.0
39897.0
40238.0
40323.0
40475.0
40580.0
40627.0
40779.0
40822.0
40931.0
41083.0
41235.0
41387.0
41539.0
41691.0
41958.0
42235.0
42512.0
42790.0
43067.0
43344.0
43627.0
43905.0
44599.0
45283.0
45561.0
45838.0
46115.0
46392.0
46669.0
46946.0
47224.0
47501.0
47779.0
48056.0
48333.0
48615.0
50670.0
51283.0
51561.0
51838.0
52115.0
52392.0
52669.0
52946.0
53224.0
53501.0
53779.0
54056.0
54333.0
54615.0
54892.0
55169.0
55446.0
55724.0
56001.0
56279.0
56556.0
56833.0
57115.0
57392.0
57669.0
57946.0
60300.0
61200.0
61400.0
62800.0
63800.0
64000.0
64200.0
64400.0
64600.0
64800.0
65000.0
65200.0
65400.0
65600.0
65800.0
66000.0
66200.0
66400.0
66600.0
66800.0
67000.0
67200.0
67400.0
67600.0
68000.0
68200.0
70800.0
71300.0
72900.0
73400.0
73600.0
73800.0
74000.0
74200.0
74400.0
74600.0
74800.0
75000.0
75200.0
75400.0
75600.0
75800.0
76000.0
76200.0
76400.0
76600.0
76800.0
77000.0
77200.0
77400.0
77600.0
77800.0
78000.0
78200.0
78400.0
78600.0
78800.0
79000.0
79200.0
79400.0
79600.0
79800.0
80323.0
80478.0
80634.0
80789.0
81121.0
82835.0
83096.0
83428.0
83973.0
84518.0
85164.0
85809.0
86455.0
87101.0
87546.0
88001.0
88889.0
89978.0
90614.0
91260.0
91715.0
92164.0
92619.0
93041.0
93302.0
93847.0
94302.0
94847.0
95302.0
95847.0
96302.0
96673.0
97005.0
97550.0
98005.0
98376.0
98708.0
99039.0
99494.0
100382.0
100941.0
101500.0
102635.0
103076.0
103517.0
104176.0
104618.0
104709.0
104800.0
104891.0
105082.0
105273.0
105464.0
105655.0
106096.0
106437.0
108229.0
108670.0
108761.0
108852.0
108941.0
109032.0
109123.0
109214.0
109305.0
109396.0
109487.0
109578.0
109669.0
110011.0
110452.0
110893.0
113985.0
114544.0
115103.0
115544.0
115588.0
115779.0
115970.0
116161.0
116352.0
116544.0
116735.0
116826.0
116917.0
117008.0
117199.0
117390.0
117831.0
118273.0
118714.0
119156.0
119596.0
119787.0
120300.0
120400.0
120600.0
121200.0
121400.0
121800.0
122000.0
122400.0
122600.0
123000.0
123200.0
123600.0
124200.0
125200.0
125400.0
125800.0
125900.0
126000.0
126200.0
126600.0
127000.0
127200.0
127600.0
128800.0
129200.0
129400.0
129800.0
130000.0
130400.0
130600.0
130800.0
131200.0
131400.0
132000.0
132400.0
132600.0
133000.0
133200.0
133600.0
133800.0
134000.0
134400.0
134800.0
135200.0
135400.0
135800.0
135900.0
136000.0
136200.0
136600.0
136800.0
137200.0
137400.0
137800.0
138000.0
138400.0
138600.0
139000.0
139200.0
139600.0
139800.0
142500.0
142984.0
143468.0
143952.0
144195.0
144437.0
144680.0
144923.0
145166.0
145409.0
145652.0
145895.0
146137.0
146380.0
146623.0
146866.0
147109.0
147352.0
147595.0
147837.0
148080.0
148323.0
148566.0
148809.0
149052.0
149295.0
149537.0
149780.0
149923.0
150166.0
150409.0
150652.0
150895.0
151137.0
151380.0
151623.0
151866.0
152109.0
152352.0
152595.0
152837.0
153080.0
153323.0
153566.0
153809.0
154052.0
154195.0
154337.0
154580.0
154723.0
154866.0
155009.0
155152.0
155395.0
155637.0
155780.0
155923.0
156066.0
156209.0
156352.0
156595.0
156737.0
156880.0
157023.0
157166.0
157309.0
157452.0
157595.0
157737.0
