Here's the StepMania beatmap for the given audio file:
```css
0.00,1.00,1000,4,2,0.95,kick
125.00,1.25,0000,0,3,1.0,unknown
250.00,1.50,0010,4,3,0.88,snare
375.00,1.75,0000,0,3,1.0,unknown
500.00,2.00,2000,4,2,1.0,bass
625.00,2.25,0000,0,3,1.0,unknown
750.00,2.50,0100,4,3,0.82,snare
875.00,2.75,0000,0,3,1.0,unknown
1000.00,3.00,3001,4,2,0.91,kick
1125.00,3.25,",",-1,-1,1.0,separator
1250.00,3.50,0000,0,3,1.0,unknown
1375.00,3.75,0000,0,3,1.0,unknown
1500.00,4.00,0000,0,2,1.0,unknown
1625.00,4.25,0000,0,3,1.0,unknown
1750.00,4.50,0010,4,3,0.79,snare
1875.00,4.75,0000,0,3,1.0,unknown
2000.00,5.00,0000,0,2,1.0,unknown
2125.00,5.25,',','-1','-1',1.0,separator
2250.00,5.50,0000,0,3,1.0,unknown
2375.00,5.75,0000,0,3,1.0,unknown
2500.00,6.00,0000,0,2,1.0,unknown
2625.00,6.25,0000,0,3,1.0,unknown
2750.00,6.50,0010,4,3,0.80,snare
2875.00,6.75,0000,0,3,1.0,unknown
2999.99,7.00,3001,4,2,0.91,kick
3124.99,7.25,',','-1','-1',1.0,separator
3250.00,7.50,0000,0,3,1.0,unknown
3375.00,7.75,0000,0,3,1.0,unknown
3500.00,8.00,0000,0,2,1.0,unknown
3625.00,8.25,0000,0,3,1.0,unknown
3750.00,8.50,0010,4,3,0.82,snare
3875.00,8.75,0000,0,3,1.0,unknown
3999.99,9.00,3001,4,2,0.91,kick
4124.99,9.25,',','-1','-1',1.0,separator
4250.00,9.50,0000,0,3,1.0,unknown
4375.00,9.75,0000,0,3,1.0,unknown
4500.00,10.00,0000,0,2,1.0,unknown
4625.00,10.25,0000,0,3,1.0,unknown
4750.00,10.50,0010,4,3,0.82,snare
4875.00,10.75,0000,0,3,1.0,unknown
4999.99,11.00,3001,4,2,0.91,kick
5124.99,11.25,',','-1','-1',1.0,separator
5250.00,11.50,0000,0,3,1.0,unknown
5375.00,11.75,0000,0,3,1.0,unknown
5500.00,12.00,0000,0,2,1.0,unknown
5625.00,12.25,0000,0,3,1.0,unknown
5750.00,12.50,0010,4,3,0.82,snare
5875.00,12.75,0000,0,3,1.0,unknown
5999.99,13.00,3001,4,2,0.91,kick
6124.99,13.25,',','-1','-1',1.0,separator
6250.00,13.50,0000,0,3,1.0,unknown
6375.00,13.75,0000,0,3,1.0,unknown
6500.00,14.00,0000,0,2,1.0,unknown
6625.00,14.25,0000,0,3,1.0,unknown
6750.00,14.50,0010,4,3,0.82,snare
6875.00,14.75,0000,0,3,1.0,unknown
6999.99,15.00,3001,4,2,0.91,kick
7124.99,17.25,',','-1','-1',1.0,separator
7250.00,17.50,0000,0,3,1.0,unknown
7375.00,17.75,0000,0,3,1.0,unknown
7500.00,18.00,0000,0,2,1.0,unknown
7625.00,18.25,0000,0,3,1.0,unknown
7750.00,18.50,0010,4,3,0.82,snare
7875.00,18.75,0000,0,3,1.0,unknown
7999.99,19.00,3001,4,2,0.91,kick
8124.99,19.25,',','-1','-1',1.0,separator
8250.00,19.50,0000,0,3,1.0,unknown
8375.00,19.75,0000,0,3,1.0,unknown
8500.00,20.00,0000,0,2,1.0,unknown
8625.00,20.25,0000,0,3,1.0,unknown
8750.00,20.50,0010,4,3,0.82,snare
8875.00,20.75,0000,0,3,1.0,unknown
8999.99,21.00,3001,4,2,0.91,kick
9124.99,21.25,',','-1','-1',1.0,separator
9250.00,21.50,0000,0,3,1.0,unknown
9375.00,21.75,0000,0,3,1.0,unknown
9500.00,22.00,0000,0,2,1.0,unknown
9625.00,22.25,0000,0,3,1.0,unknown
9750.00,22.50,0010,4,3,0.82,snare
9875.00,22.75,0000,0,3,1.0,unknown
9999.99,23.00,3001,4,2,0.91,kick
11249.99,23.25,',','-1','-1',1.0,separator
12500.00,23.50,0000,0,3,1.0,unknown
13750.00,23.75,0000,0,3,1.0,unknown
15000.00,24.00,0000,0,2,1.0,unknown
16250.00,24.25,0000,0,3,1.0,unknown
17500.00,24.50,0010,4,3,0.82,snare
18750.00,24.75,0000,0,3,1.0,unknown
19999.99,25.00,3001,4,2,0.91,kick
21249.99,25.25,',','-1','-1',1.0,separator
22500.00,25.50,0000,0,3,1.0,unknown
23750.00,25.75,0000,0,3,1.0,unknown
25000.00,26.00,0000,0,2,1.0,unknown
26250.00,26.25,0000,0,3,1.0,unknown
27500.00,26.50,0010,4,3,0.82,snare
28750.00,26.75,0000,0,3,1.0,unknown
29999.99,27.00,3001,4,2,0.91,kick
31249.99,27.25,',','-1','-1',1.0,separator
32500.00,27.50,0000,0,3,1.0,unknown
33750.00,27.75,0000,0,3,1.0,unknown
35000.00,28.00,0000,0,2,1.0,unknown
36250.00,28.25,0000,0,3,1.0,unknown
37500.00,28.50,0010,4,3,0.82,snare
38750.00,28.75,0000,0,3,1.0,unknown
39999.99,29.00,3001,4,2,0.91,kick
41249.99,29.25,',','-1','-1',1.0,separator
42500.00,29.50,0000,0,3,1.0,unknown
43750.00,29.75,0000,0,3,1.0,unknown
45000.00,30.00,0000,0,2,1.0,unknown
46250.00,30.25,0000,0,3,1.0,unknown
47500.00,30.50,0010,4,3,0.82,snare
48750.00,30.75,0000,0,3,1.0,unknown
49999.99,31.00,3001,4,2,0.91,kick
51249.99,31.25,',','-1','-1',1.0,separator
52500.00,31.50,0000,0,3,1.0,unknown
53750.00,31.75,0000,0,3,1.0,unknown
55000.00,32.00,0000,0,2,1.0,unknown
56250.00,32.25,0000,0,3,1.0,unknown
57500.00,32.50,0010,4,3,0.82,snare
58750.00,32.75,0000,0,3,1.0,unknown
59999.99,33.00,3001,4,2,0.91,kick
61249.99,33.25,',','-1','-1',1.0,separator
62500.00,33.50,0000,0,3,1.0,unknown
63750.00,33.75,0000,0,3,1.0,unknown
65000.00,34.00,0000,0,2,1.0,unknown
66250.00,34.25,0000,0,3,1.0,unknown
67500.00,34.50,0010,4,3,0.82,snare
68750.00,34.75,0000,0,3,1.0,unknown
69999.99,35.00,3001,4,2,0.91,kick
71249.99,35.25,',','-1','-1',1.0,separator
72500.00,35.50,0000,0,3,1.0,unknown
73750.00,35.75,0000,0,3,1.0,unknown
75000.00,36.00,0000,0,2,1.0,unknown
76250.00,36.25,0000,0,3,1.0,unknown
77500.00,36.50,0010,4,3,0.82,snare
78750.00,36.75,0000,0,3,1.0,unknown
79999.99,37.00,3001,4,2,0.91,kick
81249.99,37.25,',','-1','-1',1.0,separator
82500.00,37.50,0000,0,3,1.0,unknown
83750.00,37.75,0000,0,3,1.0,unknown
85000.00,38.00,0000,0,2,1.0,unknown
86250.00,38.25,0000,0,3,1.0,unknown
87500.00,38.50,0010,4,3,0.82,snare
88750.00,38.75,0000,0,3,1.0,unknown
89999.99,39.00,3001,4,2,0.91,kick
91249.99,39.25,',','-1','-1',1.0,separator
92500.00,39.50,0000,0,3,1.0,unknown
93750.00,39.75,0000,0,3,1.0,unknown
95000.00,40.00,0000,0,2,1.0,unknown
96250.00,40.25,0000,0,3,1.0,unknown
97500.00,40.50,0010,4,3,0.82,snare
98750.00,40.75,0000,0,3,1.0,unknown
99999.99,41.00,3001,4,2,0.91,kick
11249.99,41.25,',','-1','-1',1.0,separator
12500.00,41.50,0000,0,3,1.0,unknown
13750.00,41.75,0000,0,3,1.0,unknown
15000.00,42.00,0000,0,2,1.0,unknown
16250.00,42.25,0000,0,3,1.0,unknown
17500.00,42.50,0010,4,3,0.82,snare
18750.00,42.75,0000,0,3,1.0,unknown
19999.99,43.00,3001,4,2,0.91,kick
21249.99,43.25,',','-1','-1',1.0,separator
22500.00,43.50,0000,0,3,1.0,unknown
23750.00,43.75,0000,0,3,1.0,unknown
25000.00,44.00,0000,0,2,1.0,unknown
26250.00,44.25,0000,0,3,1.0,unknown
27500.00,44.50,0010,4,3,0.82,snare
28750.00,44.75,0000,0,3,1.0,unknown
29999.99,45.00,3001,4,2,0.91,kick
31249.99,45.25,',','-1','-1',1.0,separator
32500.00,45.50,0000,0,3,1.0,unknown
33750.00,45.75,0000,0,3,1.0,unknown
35000.00,46.00,0000,0,2,1.0,unknown
36250.00,46.25,0000,0,3,1.0,unknown
37500.00,46.50,0010,4,3,0.82,snare
38750.00,46.75,0000,0,3,1.0,unknown
39999.99,47.00,3001,4,2,0.91,kick
41249.99,47.25,',','-1','-1',1.0,separator
42500.00,47.50,0000,0,3,1.0,unknown
43750.00,47.75,0000,0,3,1.0,unknown
45000.00,48.00,0000,0,2,1.0,unknown
46250.00,48.25,0000,0,3,1.0,unknown
47500.00,48.50,0010,4,3,0.82,snare
48750.00,48.75,0000,0,3,1.0,unknown
49999.99,49.00,3001,4,2,0.91,kick
51249.99,49.25,',','-1','-1',1.0,separator
52500.00,49.50,0000,0,3,1.0,unknown
53750.00,49.75,0000,0,3,1.0,unknown
55000.00,50.00,0000,0,2,1.0,unknown
56250.00,50.25,0000,0,3,1.0,unknown
57500.00,50.50,0010,4,3,0.82,snare
58750.00,50.75,0000,0,3,1.0,unknown
59999.99,51.00,3001,4,2,0.91,kick
61249.99,51.25,',','-1','-1',1.0,separator
62500.00,51.50,0000,0,3,1.0,unknown
63750.00,51.75,0000,0,3,1.0,unknown
65000.00,52.00,0000,0,2,1.0,unknown
66250.00,52.25,0000,0,3,1.0,unknown
67500.00,52.50,0010,4,3,0.82,snare
68750.00,52.75,0000,0,3,1.0,unknown
69999.99,53.00,3001,4,2,0.91,kick
71249.99,53.25,',','-1','-1',1.0,separator
72500.00,53.50,0000,0,3,1.0,unknown
73750.00,53.75,0000,0,3,1.0,unknown
75000.00,54.00,0000,0,2,1.0,unknown
76250.00,54.25,0000,0,3,1.0,unknown
77500.00,54.50,0010,4,3,0.82,snare
78750.00,54.75,0000,0,3,1.0,unknown
79999.99,55.00,3001,4,2,0.91,kick
81249.99,55.25,',','-1','-1',1.0,separator
82500.00,55.50,0000,0,3,1.0,unknown
83750.00,55.75,0000,0,3,1.0,unknown
85000.00,56.00,0000,0,2,1.0,unknown
86250.00,56.25,0000,0,3,1.0,unknown
87500.00,56.50,0010,4,3,0.82,snare
88750.00,56.75,0000,0,3,1.0,unknown
89999.99,57.00,3001,4,2,0.91,kick
91249.99,57.25,',','-1','-1',1.0,separator
92500.00,57.50,0000,0,3,1.0,unknown
93750.00,57.75,0000,0,3,1.0,unknown
95000.00,58.00,0000,0,2,1.0,unknown
96250.00,58.25,0000,0,3,1.0,unknown
97500.00,58.50,0010,4,3,0.82,snare
98750.00,58.75,0000,0,3,1.0,unknown
99999.99,59.00,3001,4,2,0.91,kick