Here's the StepMania beatmap generated based on the provided rules:
```css
0.00,1.00,1000,4,2,0.95,kick
125.00,1.25,0000,0,3,1.0,unknown
250.00,1.50,0010,4,3,0.88,snare
375.00,1.75,0000,0,3,1.0,unknown
500.00,2.00,2000,4,2,1.0,bass
625.00,2.25,0000,0,3,1.0,unknown
750.00,2.50,0100,4,3,0.82,snare
875.00,2.75,0000,0,3,1.0,unknown
1000.00,3.00,3001,4,2,0.91,kick
1125.00,3.25,",",-1,-1,1.0,separator
1250.00,3.50,0000,0,3,1.0,unknown
1375.00,3.75,0000,0,3,1.0,unknown
1500.00,4.00,0000,0,2,1.0,unknown
1625.00,4.25,0000,0,3,1.0,unknown
1750.00,4.50,0010,4,3,0.79,snare
1875.00,4.75,0000,0,3,1.0,unknown
2000.00,5.00,0000,0,2,1.0,unknown
2125.00,5.25,',','-1','-1',1.0,separator
2250.00,5.50,0000,0,3,1.0,unknown
2375.00,5.75,0000,0,3,1.0,unknown
2500.00,6.00,0000,0,2,1.0,unknown
2625.00,6.25,0000,0,3,1.0,unknown
2750.00,6.50,0010,4,3,0.80,snare
2875.00,6.75,0000,0,3,1.0,unknown
2999.99,7.00,3001,4,2,0.91,kick
3124.99,7.25,',','-1','-1',1.0,separator
3250.00,7.50,0000,0,3,1.0,unknown
3375.00,7.75,0000,0,3,1.0,unknown
3500.00,8.00,0000,0,2,1.0,unknown
3625.00,8.25,0000,0,3,1.0,unknown
3750.00,8.50,0010,4,3,0.82,snare
3875.00,8.75,0000,0,3,1.0,unknown
3999.99,9.00,3001,4,2,0.91,kick
4124.99,9.25,',','-1','-1',1.0,separator
4250.00,9.50,0000,0,3,1.0,unknown
4375.00,9.75,0000,0,3,1.0,unknown
4500.00,10.00,0000,0,2,1.0,unknown
4625.00,10.25,0000,0,3,1.0,unknown
4750.00,10.50,0010,4,3,0.82,snare
4875.00,10.75,0000,0,3,1.0,unknown
4999.99,11.00,3001,4,2,0.91,kick
5124.99,11.25,',','-1','-1',1.0,separator
5250.00,11.50,0000,0,3,1.0,unknown
5375.00,11.75,0000,0,3,1.0,unknown
5500.00,12.00,0000,0,2,1.0,unknown
5625.00,12.25,0000,0,3,1.0,unknown
5750.00,12.50,0010,4,3,0.82,snare
5875.00,12.75,0000,0,3,1.0,unknown
5999.99,13.00,3001,4,2,0.91,kick
6124.99,13.25,',','-1','-1',1.0,separator
6250.00,13.50,0000,0,3,1.0,unknown
6375.00,13.75,0000,0,3,1.0,unknown
6500.00,14.00,0000,0,2,1.0,unknown
6625.00,14.25,0000,0,3,1.0,unknown
6750.00,14.50,0010,4,3,0.82,snare
6875.00,14.75,0000,0,3,1.0,unknown
6999.99,15.00,3001,4,2,0.91,kick
7124.99,15.25,',','-1','-1',1.0,separator
7250.00,15.50,0000,0,3,1.0,unknown
7375.00,15.75,0000,0,3,1.0,unknown
7500.00,16.00,0000,0,2,1.0,unknown
7625.00,16.25,0000,0,3,1.0,unknown
7750.00,16.50,0010,4,3,0.82,snare
7875.00,16.75,0000,0,3,1.0,unknown
7999.99,17.00,3001,4,2,0.91,kick
8124.99,17.25,',','-1','-1',1.0,separator
8250.00,17.50,0000,0,3,1.0,unknown
8375.00,17.75,0000,0,3,1.0,unknown
8500.00,18.00,0000,0,2,1.0,unknown
8625.00,18.25,0000,0,3,1.0,unknown
8750.00,18.50,0010,4,3,0.82,snare
8875.00,18.75,0000,0,3,1.0,unknown
8999.99,19.00,3001,4,2,0.91,kick
9124.99,19.25,',','-1','-1',1.0,separator
9250.00,19.50,0000,0,3,1.0,unknown
9375.00,19.75,0000,0,3,1.0,unknown
9500.00,20.00,0000,0,2,1.0,unknown
9625.00,20.25,0000,0,3,1.0,unknown
9750.00,20.50,0010,4,3,0.82,snare
9875.00,20.75,0000,0,3,1.0,unknown
9999.99,21.00,3001,4,2,0.91,kick
10124.99,21.25,',','-1','-1',1.0,separator
10250.00,21.50,0000,0,3,1.0,unknown
10375.00,21.75,0000,0,3,1.0,unknown
10500.00,22.00,0000,0,2,1.0,unknown
10625.00,22.25,0000,0,3,1.0,unknown
10750.00,22.50,0010,4,3,0.82,snare
10875.00,22.75,0000,0,3,1.0,unknown
10999.99,23.00,3001,4,2,0.91,kick
11224.99,23.25,',','-1','-1',1.0,separator
11350.00,23.50,0000,0,3,1.0,unknown
11475.00,23.75,0000,0,3,1.0,unknown
11600.00,24.00,0000,0,2,1.0,unknown
11725.00,24.25,0000,0,3,1.0,unknown
11850.00,24.50,0010,4,3,0.82,snare
11975.00,24.75,0000,0,3,1.0,unknown
12099.99,25.00,3001,4,2,0.91,kick
12224.99,25.25,',','-1','-1',1.0,separator
12350.00,25.50,0000,0,3,1.0,unknown
12475.00,25.75,0000,0,3,1.0,unknown
12600.00,26.00,0000,0,2,1.0,unknown
12725.00,26.25,0000,0,3,1.0,unknown
12850.00,26.50,0010,4,3,0.82,snare
12975.00,26.75,0000,0,3,1.0,unknown
13099.99,27.00,3001,4,2,0.91,kick
13224.99,27.25,',','-1','-1',1.0,separator
13350.00,27.50,0000,0,3,1.0,unknown
13475.00,27.75,0000,0,3,1.0,unknown
13600.00,28.00,0000,0,2,1.0,unknown
13725.00,28.25,0000,0,3,1.0,unknown
13850.00,28.50,0010,4,3,0.82,snare
13975.00,28.75,0000,0,3,1.0,unknown
14099.99,29.00,3001,4,2,0.91,kick
14224.99,29.25,',','-1','-1',1.0,separator
14350.00,29.50,0000,0,3,1.0,unknown
14475.00,29.75,0000,0,3,1.0,unknown
14600.00,30.00,0000,0,2,1.0,unknown
14725.00,30.25,0000,0,3,1.0,unknown
14850.00,30.50,0010,4,3,0.82,snare
14975.00,30.75,0000,0,3,1.0,unknown
15124.99,31.00,3001,4,2,0.91,kick
15224.99,31.25,',','-1','-1',1.0,separator
15350.00,31.50,0000,0,3,1.0,unknown
15475.00,31.75,0000,0,3,1.0,unknown
15600.00,32.00,0000,0,2,1.0,unknown
15725.00,32.25,0000,0,3,1.0,unknown
15850.00,32.50,0010,4,3,0.82,snare
15975.00,32.75,0000,0,3,1.0,unknown
16124.99,33.00,3001,4,2,0.91,kick
16224.99,33.25,',','-1','-1',1.0,separator
16350.00,33.50,0000,0,3,1.0,unknown
16475.00,33.75,0000,0,3,1.0,unknown
16600.00,34.00,0000,0,2,1.0,unknown
16725.00,34.25,0000,0,3,1.0,unknown
16850.00,34.50,0010,4,3,0.82,snare
16975.00,34.75,0000,0,3,1.0,unknown
17124.99,35.00,3001,4,2,0.91,kick
17224.99,35.25,',','-1','-1',1.0,separator
17350.00,35.50,0000,0,3,1.0,unknown
17475.00,35.75,0000,0,3,1.0,unknown
17600.00,36.00,0000,0,2,1.0,unknown
17725.00,36.25,0000,0,3,1.0,unknown
17850.00,36.50,0010,4,3,0.82,snare
17975.00,36.75,0000,0,3,1.0,unknown
18124.99,37.00,3001,4,2,0.91,kick
18224.99,37.25,',','-1','-1',1.0,separator
18350.00,37.50,0000,0,3,1.0,unknown
18475.00,37.75,0000,0,3,1.0,unknown
18600.00,38.00,0000,0,2,1.0,unknown
18725.00,38.25,0000,0,3,1.0,unknown
18850.00,38.50,0010,4,3,0.82,snare
18975.00,38.75,0000,0,3,1.0,unknown
19124.99,39.00,3001,4,2,0.91,kick
19224.99,39.25,',','-1','-1',1.0,separator
19350.00,39.50,0000,0,3,1.0,unknown
19475.00,39.75,0000,0,3,1.0,unknown
19600.00,40.00,0000,0,2,1.0,unknown
19725.00,40.25,0000,0,3,1.0,unknown
19850.00,40.50,0010,4,3,0.82,snare
19975.00,40.75,0000,0,3,1.0,unknown
20124.99,41.00,3001,4,2,0.91,kick
20224.99,41.25,',','-1','-1',1.0,separator
20350.00,41.50,0000,0,3,1.0,unknown
20475.00,41.75,0000,0,3,1.0,unknown
20600.00,42.00,0000,0,2,1.0,unknown
20725.00,42.25,0000,0,3,1.0,unknown
20850.00,42.50,0010,4,3,0.82,snare
20975.00,42.75,0000,0,3,1.0,unknown
21124.99,43.00,3001,4,2,0.91,kick
21224.99,43.25,',','-1','-1',1.0,separator
21350.00,43.50,0000,0,3,1.0,unknown
21475.00,43.75,0000,0,3,1.0,unknown
21600.00,44.00,0000,0,2,1.0,unknown
21725.00,44.25,0000,0,3,1.0,unknown
21850.00,44.50,0010,4,3,0.82,snare
21975.00,44.75,0000,0,3,1.0,unknown
22124.99,45.00,3001,4,2,0.91,kick
22224.99,45.25,',','-1','-1',1.0,separator
22350.00,45.50,0000,0,3,1.0,unknown
22475.00,45.75,0000,0,3,1.0,unknown
22600.00,46.00,0000,0,2,1.0,unknown
22725.00,46.25,0000,0,3,1.0,unknown
22850.00,46.50,0010,4,3,0.82,snare
22975.00,46.75,0000,0,3,1.0,unknown
23124.99,47.00,3001,4,2,0.91,kick
23224.99,47.25,',','-1','-1',1.0,separator
23350.00,47.50,0000,0,3,1.0,unknown
23475.00,47.75,0000,0,3,1.0,unknown
23600.00,48.00,0000,0,2,1.0,unknown
23725.00,48.25,0000,0,3,1.0,unknown
23850.00,48.50,0010,4,3,0.82,snare
23975.00,48.75,0000,0,3,1.0,unknown
24124.99,49.00,3001,4,2,0.91,kick