0000
0000
0000
0000
,
0000
0000
0000
0000
,
0000
0000
0000
0000
,
1001
0000
0000
0000
,
1000
0010
0000
1000
,
0001
0010
0000
0001
,
0100
0010
0000
0100
,
0001
0010
0100
1000
,
0001
0001
0000
1000
,
0010
0010
0000
1000
,
0100
0100
0000
1000
,
0010
0010
0010
0010
,
1000
1000
0000
0010
,
1000
1000
0000
0100
,
1000
1000
0000
0001
,
0000
0000
0000
0000
,
0200
0300
0010
0000
,
0100
0000
0001
0000
,
2000
3000
0100
0000
,
1000
0000
0001
0000
,
0020
0030
0001
0000
,
0100
0000
0010
0000
,
2000
3000
0100
0000
,
0010
0000
0000
0000
,
0001
0001
0000
1000
,
0010
0010
0000
1000
,
0100
0100
0000
1000
,
0001
0001
0001
0001
,
1000
1000
0000
0001
,
0100
0100
0000
0001
,
0010
0010
0000
0001
,
0000
0000
0000
0000
,
2000
3000
0010
0000
,
0100
0000
0001
0000
,
0020
0030
0100
0000
,
1000
0000
0010
0000
,
0200
0300
0010
0000
,
1000
0000
0100
0000
,
2000
3000
0001
0000
,
0100
0000
0000
0010
,
1000
0001
1000
0000
,
0100
0010
0100
0000
,
1000
0010
1000
0000
,
0001
0100
0001
0100
,
0010
1000
0010
0000
,
1000
0100
1000
0000
,
0001
0010
0001
0000
,
1001
0000
0000
0000
,
1000
0000
0010
0010
,
0100
0000
0001
1000
,
0001
0010
0100
0100
,
1000
0000
0001
0001
,
0100
0000
0010
0000
,
0000
1000
0001
0000
,
0010
0100
0100
0100
,
1000
0000
0010
0100
,
0001
0001
1000
0000
,
0100
0010
0001
0001
,
1000
0010
0100
0100
,
0010
0010
0010
1000
,
0001
0000
0010
0000
,
0000
0100
1000
1000
,
0001
0100
0100
0100
,
0010
0000
1000
0000
,
0001
0000
0000
0000
,
0000
0000
0000
0000
,
0001
0000
0000
0000
,
0000
0000
0000
0000
,
1000
0000
0010
0000
,
1000
0000
0010
0000
,
0100
0000
0001
0000
,
0100
0000
0000
0001
,
1000
1000
0000
0100
,
0010
0010
0000
0001
,
1000
1000
0000
0010
,
0100
0100
0100
0100
,
0001
0001
0000
0010
,
0100
0100
0000
1000
,
0001
0001
0000
0100
,
0000
0000
0000
1001
;