20.0
368.0
599.0
785.0
1029.0
1249.0
1458.0
1667.0
1899.0
2108.0
2317.0
2526.0
2746.0
2955.0
3176.0
3396.0
3605.0
3814.0
4023.0
4243.0
4452.0
4661.0
4870.0
5091.0
5300.0
5519.0
5728.0
5937.0
6146.0
6367.0
6576.0
6785.0
6994.0
7202.0
7423.0
7632.0
7853.0
8062.0
8271.0
8491.0
8689.0
8909.0
9118.0
9339.0
9547.0
9756.0
9965.0
10186.0
10395.0
10604.0
10824.0
11033.0
11242.0
11451.0
11672.0
11880.0
12090.0
12309.0
12518.0
12727.0
12948.0
13157.0
13366.0
13575.0
13795.0
14004.0
14225.0
14434.0
14643.0
14852.0
15000.0
20020.0
20357.0
20694.0
21018.0
21355.0
21680.0
22017.0
22354.0
22690.0
23016.0
23352.0
23699.0
24013.0
24350.0
24698.0
25011.0
25359.0
25696.0
26021.0
26358.0
26694.0
27020.0
27356.0
27681.0
28018.0
28355.0
28680.0
29028.0
29353.0
29689.0
30026.0
30351.0
30688.0
31024.0
31350.0
31686.0
32023.0
32359.0
32684.0
33021.0
33358.0
33683.0
34020.0
34356.0
34681.0
35018.0
35355.0
35691.0
36028.0
36353.0
36690.0
37026.0
37351.0
37688.0
38025.0
38350.0
38687.0
39023.0
39359.0
39696.0
40285.0
40637.0
40981.0
41345.0
41680.0
42032.0
42384.0
42736.0
43088.0
43439.0
43792.0
44144.0
44496.0
44848.0
45201.0
45553.0
45905.0
46256.0
46608.0
46960.0
47312.0
47664.0
48005.0
48379.0
48731.0
49083.0
49435.0
49787.0
50139.0
50491.0
50843.0
51195.0
51547.0
51909.0
52251.0
52603.0
52955.0
53307.0
53669.0
54021.0
54373.0
54725.0
55077.0
55429.0
55781.0
56133.0
56485.0
56837.0
57189.0
57541.0
57893.0
58245.0
58597.0
58949.0
59301.0
59653.0
60298.0
60530.0
60762.0
61029.0
61249.0
61505.0
61750.0
62005.0
62261.0
62504.0
62759.0
63015.0
63260.0
63503.0
63760.0
64016.0
64260.0
64503.0
64759.0
65026.0
65270.0
65502.0
65758.0
66025.0
66270.0
66513.0
66757.0
67024.0
67279.0
67523.0
67767.0
68023.0
68278.0
68522.0
68766.0
69021.0
69277.0
69521.0
69765.0
70020.0
70276.0
70520.0
70775.0
71020.0
71275.0
71520.0
71775.0
72020.0
72275.0
72520.0
72775.0
73020.0
73275.0
73520.0
73764.0
74020.0
74275.0
74520.0
74775.0
75020.0
75275.0
75520.0
75775.0
76020.0
76275.0
76520.0
76776.0
77020.0
77275.0
77520.0
77775.0
78020.0
80024.0
80372.0
80581.0
80697.0
80929.0
81034.0
81370.0
81589.0
81694.0
81926.0
82031.0
82379.0
82599.0
82692.0
82924.0
83030.0
83378.0
83599.0
83692.0
83924.0
84030.0
84378.0
84599.0
84692.0
84924.0
85029.0
85377.0
85597.0
85690.0
86038.0
86375.0
86596.0
86699.0
86920.0
87024.0
87372.0
87593.0
87697.0
87929.0
88034.0
88370.0
88591.0
88695.0
88927.0
89032.0
89379.0
89599.0
89692.0
89925.0
90030.0
90378.0
90599.0
90692.0
91030.0
91378.0
91599.0
91692.0
92030.0
92378.0
92599.0
92692.0
92924.0
93030.0
93378.0
93599.0
93692.0
94030.0
94378.0
94599.0
94692.0
95030.0
95370.0
100024.0
100372.0
100581.0
100790.0
101010.0
101219.0
101428.0
101637.0
101858.0
102078.0
102287.0
102508.0
102717.0
102926.0
103146.0
103367.0
103576.0
103785.0
104005.0
104226.0
104446.0
104655.0
104876.0
105085.0
105294.0
105514.0
105723.0
105944.0
106153.0
106374.0
106583.0
106792.0
107012.0
107233.0
107442.0
107662.0
107871.0
108080.0
108289.0
108509.0
108729.0
108938.0
109147.0
109368.0
109577.0
109786.0
110006.0
110227.0
110436.0
110645.0
110854.0
111074.0
111283.0
111492.0
111713.0
111922.0
112131.0
112351.0
112572.0
112781.0
112990.0
113209.0
113429.0
113638.0
113859.0
114079.0
114288.0
114497.0
114718.0
114927.0
115000.0
120287.0
120496.0
120693.0
120902.0
121053.0
121146.0
121249.0
121354.0
121447.0
121551.0
121656.0
121760.0
121853.0
122074.0
122283.0
122480.0
122689.0
122886.0
123095.0
123293.0
123490.0
123687.0
123896.0
124093.0
124302.0
124499.0
124708.0
124906.0
125114.0
125323.0
125520.0
125718.0
125927.0
126124.0
126333.0
126542.0
126751.0
126948.0
127157.0
127366.0
127563.0
127772.0
127981.0
128189.0
128387.0
128596.0
128793.0
129002.0
129200.0
129408.0
129606.0
129815.0
130012.0
130221.0
130418.0
130627.0
130824.0
131033.0
131242.0
131440.0
131648.0
131857.0
132055.0
132264.0
132461.0
132669.0
132878.0
133000.0
133076.0
133285.0
133494.0
133691.0
140024.0
140535.0
140791.0
141069.0
141336.0
141603.0
142021.0
142288.0
142555.0
142811.0
143078.0
143345.0
143612.0
143856.0
144134.0
144390.0
144657.0
144924.0
145191.0
145458.0
145725.0
146155.0
146422.0
146677.0
146944.0
147201.0
147468.0
147735.0
148002.0
148257.0
148524.0
148791.0
149047.0
149314.0
149581.0
149836.0
150103.0
150360.0
150627.0
150882.0
151149.0
151416.0
151683.0
151949.0
152216.0
152483.0
152727.0
153005.0
153272.0
153528.0
153795.0
154062.0
154329.0
154584.0
154851.0
