353.0
706.0
2118.0
2471.0
2824.0
3176.0
3529.0
3882.0
4235.0
4588.0
4941.0
5294.0
5646.0
5999.0
6352.0
6705.0
7058.0
10691.0
11143.0
11496.0
11849.0
12202.0
12555.0
12908.0
13261.0
13614.0
13896.0
14078.0
14260.0
14442.0
14624.0
14806.0
15088.0
15270.0
15452.0
15634.0
15816.0
16098.0
16280.0
16462.0
16644.0
16826.0
17008.0
17190.0
17371.0
17553.0
17735.0
17917.0
18099.0
18281.0
18463.0
18645.0
18827.0
19009.0
19190.0
19372.0
19554.0
19736.0
19918.0
20000.0
20286.0
20579.0
21286.0
24051.0
24344.0
24637.0
25000.0
25286.0
25579.0
25865.0
26158.0
26444.0
26737.0
27029.0
27315.0
28865.0
29158.0
29444.0
29737.0
30000.0
30286.0
30579.0
30865.0
31158.0
31444.0
31737.0
32000.0
33158.0
33444.0
33737.0
34029.0
34315.0
34444.0
34579.0
34865.0
35158.0
35286.0
35579.0
35865.0
36158.0
36344.0
36444.0
36637.0
36737.0
36865.0
37029.0
37315.0
37737.0
38079.0
38315.0
38444.0
38579.0
38737.0
38865.0
39029.0
39158.0
39344.0
39444.0
39579.0
39737.0
39865.0
39983.0
40329.0
40479.0
40629.0
40778.0
42108.0
42258.0
42408.0
42558.0
42708.0
42857.0
43007.0
43157.0
43307.0
43457.0
43607.0
43757.0
43907.0
44057.0
47147.0
47297.0
47447.0
47597.0
47747.0
47897.0
48047.0
48197.0
48347.0
48497.0
48647.0
48797.0
48947.0
49197.0
49547.0
60329.0
60478.0
60627.0
60777.0
60926.0
61076.0
61225.0
61375.0
61524.0
61674.0
61823.0
61973.0
62122.0
62272.0
62421.0
62571.0
62720.0
62869.0
63019.0
63415.0
63565.0
63714.0
63864.0
63999.0
64632.0
65255.0
65405.0
65554.0
65704.0
65853.0
65988.0
66138.0
66287.0
66437.0
66586.0
68843.0
69988.0
80192.0
80423.0
80653.0
80884.0
81115.0
81346.0
81576.0
81692.0
81923.0
82038.0
82384.0
82499.0
82614.0
82845.0
82960.0
83192.0
83423.0
83653.0
83884.0
84015.0
84471.0
84602.0
84717.0
84948.0
85179.0
85304.0
85653.0
85768.0
85884.0
86015.0
86471.0
86602.0
86717.0
86948.0
87179.0
87304.0
87550.0
87905.0
88653.0
89768.0
89902.0
100000.0
100455.0
102864.0
103319.0
103774.0
104014.0
104156.0
104396.0
104538.0
104680.0
104822.0
104964.0
105106.0
105248.0
105390.0
105532.0
105674.0
105816.0
105958.0
106100.0
106242.0
106384.0
106526.0
106668.0
106810.0
106952.0
107538.0
108124.0
108947.0
109774.0
109916.0
110058.0
110200.0
110342.0
110484.0
110626.0
110768.0
110910.0
111052.0
111194.0
111336.0
111478.0
112058.0
113029.0
114448.0
114903.0
115358.0
115814.0
115956.0
116108.0
116250.0
116490.0
116632.0
116774.0
116916.0
117058.0
117200.0
117342.0
117484.0
117626.0
117768.0
118124.0
118579.0
120000.0
120455.0
121011.0
122222.0
122788.0
123000.0
123455.0
123921.0
124132.0
124588.0
124899.0
125345.0
125656.0
126112.0
126421.0
126732.0
127043.0
127356.0
127667.0
128222.0
128788.0
129444.0
130656.0
130967.0
131278.0
131588.0
131901.0
132212.0
132535.0
132856.0
133167.0
133480.0
133791.0
134104.0
134444.0
134767.0
135088.0
135401.0
135732.0
136056.0
136378.0
136699.0
137043.0
140286.0
140571.0
140857.0
141143.0
141286.0
141429.0
141571.0
141714.0
141857.0
142000.0
142143.0
142286.0
142429.0
142571.0
142714.0
142867.0
143000.0
143143.0
143571.0
143714.0
143857.0
144286.0
144429.0
144571.0
144714.0
144857.0
145000.0
145143.0
145571.0
145714.0
145857.0
146286.0
146429.0
146571.0
146714.0
146857.0
147000.0
147143.0
147429.0
148571.0
148857.0
150000.0
150357.0
150571.0
150714.0
150857.0
151000.0
151143.0
151429.0
151571.0
151857.0
152286.0
152429.0
152571.0
152714.0
152857.0
153000.0
153143.0
153429.0
153571.0
153857.0
154286.0
154429.0
154571.0
154857.0
