323.0
478.0
653.0
828.0
1500.0
2571.0
2910.0
3135.0
3478.0
3653.0
3828.0
4004.0
4179.0
4422.0
4697.0
4872.0
5115.0
5391.0
5566.0
5809.0
6052.0
6135.0
6478.0
6653.0
6828.0
7004.0
8615.0
9872.0
10004.0
10135.0
10478.0
10653.0
10828.0
11004.0
11135.0
11478.0
11653.0
14179.0
14422.0
14697.0
15115.0
15391.0
15566.0
15809.0
16135.0
16391.0
16566.0
16732.0
16887.0
17062.0
17238.0
17404.0
17571.0
17738.0
17914.0
20909.0
21250.0
21591.0
22045.0
22273.0
22513.0
22741.0
23195.0
23423.0
23651.0
23879.0
24008.0
24236.0
24580.0
24808.0
25036.0
25490.0
25718.0
26273.0
26513.0
26741.0
27456.0
27684.0
27912.0
28140.0
28368.0
28596.0
29050.0
29268.0
30000.0
30349.0
30577.0
31032.0
31250.0
31591.0
32045.0
34513.0
34741.0
35080.0
35308.0
35536.0
35764.0
35882.0
36008.0
36126.0
36244.0
36362.0
36480.0
36698.0
36916.0
37034.0
37152.0
37596.0
37824.0
38170.0
38519.0
38747.0
39091.0
39439.0
40327.0
40447.0
40688.0
40928.0
41270.0
41447.0
41578.0
41709.0
41840.0
41969.0
42090.0
42210.0
42330.0
42451.0
42572.0
42710.0
42839.0
42969.0
43128.0
43447.0
43688.0
46522.0
46969.0
47164.0
47405.0
47646.0
47767.0
47888.0
48009.0
48130.0
48251.0
48372.0
48538.0
52451.0
52998.0
53445.0
53892.0
54239.0
54360.0
54481.0
54602.0
54723.0
54844.0
54965.0
55086.0
55207.0
55328.0
55449.0
55570.0
55691.0
55812.0
55933.0
56054.0
56175.0
56296.0
56843.0
57290.0
57411.0
57532.0
57653.0
57774.0
57895.0
58016.0
58137.0
58258.0
58379.0
58500.0
58621.0
58742.0
58860.0
60327.0
60447.0
60688.0
60928.0
61270.0
61510.0
61750.0
62294.0
62414.0
62655.0
62895.0
63016.0
63458.0
63699.0
64040.0
64382.0
64622.0
65266.0
65506.0
65748.0
66190.0
66430.0
66974.0
67753.0
68938.0
69179.0
69529.0
69770.0
70010.0
70358.0
70601.0
70841.0
71082.0
71327.0
71568.0
71809.0
72050.0
72391.0
73576.0
73797.0
74038.0
74380.0
74622.0
74863.0
75101.0
75341.0
75582.0
75827.0
76068.0
76309.0
76550.0
76891.0
77670.0
79135.0
79376.0
79617.0
79858.0
79979.0
80300.0
80400.0
80600.0
81200.0
81400.0
81800.0
82000.0
82200.0
82400.0
82600.0
82800.0
83000.0
83200.0
83400.0
83600.0
83800.0
84000.0
84200.0
84400.0
84600.0
85200.0
85400.0
85600.0
85800.0
86000.0
86200.0
86400.0
86600.0
86800.0
87000.0
87200.0
87400.0
87600.0
87800.0
88000.0
88200.0
88400.0
90000.0
90100.0
90200.0
90300.0
90400.0
90600.0
90800.0
91100.0
91200.0
91300.0
91500.0
91600.0
91800.0
92000.0
92200.0
92400.0
92600.0
92800.0
93000.0
93200.0
93400.0
93600.0
93800.0
94000.0
94200.0
94400.0
94600.0
94800.0
95000.0
95200.0
95400.0
95600.0
95800.0
96000.0
96200.0
96400.0
96600.0
96800.0
97000.0
97200.0
97400.0
97600.0
97800.0
98000.0
98200.0
98400.0
98600.0
98800.0
99000.0
99200.0
99400.0
99600.0
99800.0
100323.0
100478.0
100634.0
100789.0
101121.0
102163.0
102595.0
102749.0
103081.0
103236.0
103391.0
103546.0
103878.0
104034.0
104189.0
104521.0
104676.0
105108.0
105264.0
105696.0
106738.0
111568.0
111724.0
112156.0
112312.0
112588.0
112698.0
112854.0
113010.0
113166.0
113498.0
113655.0
113775.0
113931.0
114634.0
114809.0
115156.0
115323.0
115489.0
115655.0
115821.0
116087.0
116254.0
116587.0
116754.0
117087.0
117353.0
117519.0
117852.0
118018.0
118174.0
118340.0
118872.0
119575.0
119741.0
120300.0
120400.0
120600.0
121200.0
121400.0
121800.0
122000.0
122400.0
122600.0
123000.0
123200.0
123600.0
124500.0
125000.0
125200.0
125600.0
125800.0
126200.0
126400.0
126800.0
127000.0
127400.0
127600.0
128000.0
128200.0
128400.0
130800.0
131200.0
131600.0
132000.0
132400.0
132800.0
133000.0
133400.0
133600.0
133800.0
134000.0
134200.0
134400.0
134800.0
135200.0
135600.0
135800.0
136000.0
136200.0
136400.0
136800.0
137000.0
137400.0
137600.0
137800.0
138000.0
138200.0
138400.0
138800.0
139200.0
140267.0
140514.0
140693.0
141008.0
141187.0
141366.0
141612.0
141791.0
142037.0
142358.0
142612.0
142858.0
143226.0
143473.0
143720.0
144187.0
144366.0
144612.0
144791.0
144970.0
145149.0
145328.0
145565.0
145602.0
145848.0
146008.0
146334.0
146550.0
146720.0
146966.0
147213.0
147392.0
147571.0
147750.0
147929.0
148166.0
150245.0
150512.0
150646.0
150877.0
151112.0
151334.0
151550.0
151771.0
152026.0
152358.0
152612.0
152834.0
153050.0
153267.0
153484.0
153693.0
153901.0
154026.0
154146.0
154366.0
154583.0
154801.0
155026.0
155494.0
155673.0
155852.0
156071.0
156289.0
156507.0
156725.0
156943.0
157000.0
157161.0
157379.0
