8264.0
8508.0
8752.0
9096.0
9440.0
9684.0
9928.0
10172.0
10416.0
10660.0
10804.0
11148.0
11392.0
11636.0
11880.0
12124.0
12368.0
12612.0
12856.0
13000.0
13244.0
13388.0
13632.0
13876.0
14120.0
14264.0
14508.0
14652.0
14896.0
15140.0
15284.0
15428.0
15572.0
15816.0
16060.0
16204.0
16348.0
16592.0
16836.0
17080.0
17224.0
17368.0
17512.0
17656.0
17800.0
17944.0
18088.0
18163.0
18339.0
18525.0
18712.0
18896.0
19082.0
19268.0
19454.0
19640.0
19826.0
19913.0
19999.0
22600.0
23400.0
24000.0
24600.0
25200.0
25800.0
26400.0
27000.0
27500.0
27900.0
28300.0
28500.0
28600.0
29000.0
29200.0
29400.0
29800.0
30000.0
30200.0
30400.0
30800.0
31200.0
31600.0
32000.0
32400.0
32800.0
33200.0
33600.0
34000.0
34400.0
34800.0
35200.0
35600.0
35800.0
36000.0
36200.0
36400.0
36500.0
36600.0
36800.0
37000.0
37100.0
37200.0
37300.0
37400.0
37500.0
37600.0
37700.0
37800.0
37900.0
38000.0
38200.0
38600.0
39000.0
39400.0
40329.0
40758.0
41264.0
41693.0
42122.0
42551.0
42980.0
43409.0
43838.0
44267.0
44696.0
45125.0
45554.0
45983.0
46412.0
46841.0
47270.0
47734.0
48163.0
48592.0
49021.0
49450.0
49879.0
50308.0
50737.0
51166.0
51595.0
52024.0
52453.0
52882.0
53311.0
53740.0
54169.0
54633.0
55062.0
55491.0
55920.0
56349.0
56778.0
57207.0
57636.0
58065.0
58494.0
58800.0
58923.0
58949.0
59015.0
59081.0
59147.0
59213.0
59279.0
59345.0
59352.0
59411.0
59477.0
59543.0
59609.0
59675.0
59741.0
59781.0
59807.0
59873.0
59873.0
59929.0
59938.0
59947.0
59956.0
59965.0
62903.0
65827.0
66659.0
67000.0
67476.0
67827.0
68274.0
68769.0
69219.0
69605.0
70000.0
70485.0
70836.0
71287.0
71772.0
72222.0
72673.0
73124.0
73575.0
74026.0
74476.0
76143.0
76594.0
77045.0
77496.0
77946.0
78496.0
78946.0
79397.0
79848.0
82500.0
82984.0
83468.0
83952.0
84436.0
84920.0
85404.0
85887.0
86261.0
86635.0
87009.0
87383.0
87757.0
88131.0
88505.0
88879.0
89253.0
89627.0
90001.0
90375.0
90858.0
91232.0
91606.0
91979.0
92353.0
92727.0
93101.0
93475.0
93848.0
94222.0
94596.0
94969.0
95343.0
95716.0
96089.0
96463.0
96837.0
97211.0
97585.0
97959.0
98848.0
99737.0
102500.0
102984.0
103468.0
103952.0
104436.0
104920.0
105404.0
105887.0
106261.0
106635.0
107009.0
107383.0
107757.0
108131.0
108505.0
108879.0
109253.0
109627.0
110001.0
110375.0
110858.0
111232.0
111606.0
112089.0
112463.0
112837.0
113211.0
113585.0
113859.0
114133.0
114407.0
114681.0
114853.0
115025.0
115196.0
115368.0
115540.0
115712.0
115884.0
116056.0
116228.0
116401.0
116573.0
116745.0
116917.0
117089.0
117261.0
117433.0
117605.0
117777.0
117949.0
118121.0
118293.0
118465.0
118637.0
118809.0
119183.0
119457.0
122500.0
122984.0
123468.0
123952.0
124194.0
124435.0
124677.0
124919.0
125161.0
125403.0
125645.0
125887.0
126129.0
126371.0
126613.0
126855.0
127097.0
127339.0
127581.0
127823.0
128065.0
128307.0
128549.0
128791.0
129033.0
129275.0
129517.0
129759.0
129901.0
130043.0
130185.0
130327.0
130469.0
130611.0
130753.0
130895.0
131037.0
131179.0
131321.0
131463.0
131605.0
131747.0
131889.0
132031.0
132173.0
132315.0
132457.0
132699.0
132841.0
132983.0
133125.0
133267.0
133409.0
133551.0
133713.0
133855.0
134017.0
134159.0
134301.0
134443.0
134585.0
134727.0
134869.0
135011.0
135153.0
135295.0
135437.0
135579.0
140267.0
140514.0
140761.0
141008.0
141255.0
141502.0
141749.0
142000.0
142247.0
142494.0
142741.0
143088.0
143325.0
143562.0
143800.0
144037.0
144274.0
145000.0
145325.0
145562.0
145799.0
146037.0
146274.0
146511.0
146748.0
146985.0
147222.0
147459.0
147696.0
148033.0
148267.0
148504.0
148741.0
149078.0
149315.0
149552.0
149789.0
150026.0
150263.0
150499.0
150736.0
150973.0
151210.0
151447.0
151684.0
152021.0
153045.0
153282.0
153519.0
153756.0
153993.0
154230.0
154467.0
154704.0
154941.0
155178.0
155415.0
155652.0
155889.0
156126.0
156363.0
156599.0
156836.0
157073.0
157310.0
157547.0
157784.0
158021.0
158258.0
158490.0
