323.0
478.0
653.0
828.0
1500.0
2917.0
3478.0
3828.0
4003.0
4169.0
4344.0
4519.0
4695.0
4871.0
5046.0
5221.0
5397.0
5572.0
5748.0
5924.0
6100.0
6275.0
6451.0
7358.0
8098.0
8448.0
11527.0
12189.0
12365.0
12541.0
12717.0
12893.0
13069.0
13245.0
13421.0
13597.0
13775.0
13951.0
14412.0
14873.0
15334.0
15684.0
16034.0
16385.0
16735.0
17086.0
17828.0
18179.0
18640.0
19101.0
19562.0
19805.0
19981.0
20157.0
20323.0
20334.0
20478.0
20519.0
20653.0
20762.0
20828.0
20938.0
21500.0
22229.0
22404.0
22559.0
22735.0
22911.0
23086.0
23262.0
23533.0
23708.0
23884.0
24059.0
24235.0
24411.0
24586.0
24762.0
24938.0
25114.0
25289.0
25465.0
25641.0
25817.0
26500.0
26945.0
27828.0
29911.0
30533.0
31078.0
31254.0
31525.0
31701.0
31877.0
32053.0
32229.0
32404.0
32580.0
32756.0
32932.0
33108.0
33284.0
33460.0
33636.0
33812.0
34594.0
36776.0
37594.0
38512.0
39431.0
39545.0
39659.0
39773.0
39887.0
39988.0
40000.0
40102.0
40216.0
40330.0
40339.0
40444.0
40558.0
40672.0
40678.0
40786.0
40900.0
41017.0
42056.0
42495.0
42834.0
43273.0
43712.0
44151.0
44590.0
44929.0
45268.0
45707.0
46146.0
46585.0
47024.0
48063.0
48502.0
48941.0
49380.0
49819.0
49976.0
50133.0
50289.0
50446.0
50603.0
50759.0
50916.0
51073.0
51230.0
51387.0
51544.0
51701.0
51858.0
52015.0
52172.0
52329.0
52486.0
52643.0
52800.0
52957.0
53114.0
53271.0
53428.0
53585.0
53742.0
53999.0
54246.0
54585.0
55024.0
55463.0
55680.0
55897.0
56014.0
56131.0
56248.0
56365.0
56482.0
56689.0
56806.0
57053.0
57592.0
58131.0
58348.0
58465.0
58582.0
58799.0
60300.0
61200.0
61600.0
62000.0
62000.0
62400.0
62800.0
63200.0
63600.0
64000.0
64400.0
64800.0
65200.0
65600.0
66000.0
66400.0
66800.0
67200.0
67600.0
68000.0
68400.0
68800.0
69200.0
69600.0
70000.0
70200.0
70400.0
70600.0
70800.0
71000.0
71100.0
71200.0
71300.0
71400.0
71500.0
71600.0
71800.0
72000.0
72400.0
72800.0
73200.0
73600.0
74000.0
74400.0
74800.0
75200.0
75600.0
76000.0
76400.0
76800.0
77200.0
77600.0
78000.0
78400.0
78800.0
79200.0
79600.0
79800.0
79900.0
80000.0
80100.0
80192.0
80200.0
80300.0
80400.0
80423.0
80500.0
80600.0
80654.0
80800.0
80885.0
81000.0
81116.0
81347.0
81578.0
81809.0
82049.0
82280.0
82511.0
82742.0
82973.0
83204.0
83435.0
83666.0
83897.0
84128.0
84359.0
84590.0
84821.0
85052.0
85283.0
85514.0
85745.0
86128.0
86716.0
87204.0
87587.0
88578.0
89066.0
89449.0
89832.0
90215.0
90597.0
90979.0
91361.0
91743.0
92125.0
92507.0
92889.0
93271.0
93653.0
94035.0
94417.0
94799.0
95181.0
95563.0
95845.0
96227.0
96609.0
96991.0
97373.0
97655.0
97937.0
98319.0
98601.0
98883.0
99165.0
99447.0
99628.0
100192.0
100423.0
100654.0
100885.0
101116.0
101347.0
101829.0
102210.0
102591.0
102823.0
103054.0
103285.0
103516.0
103747.0
104229.0
104710.0
105192.0
105674.0
109116.0
109698.0
110180.0
110411.0
110642.0
110873.0
111104.0
111335.0
111566.0
111897.0
112229.0
112566.0
113048.0
113530.0
114011.0
114493.0
116347.0
116829.0
117311.0
117893.0
118375.0
118706.0
119043.0
119425.0
120382.0
120845.0
121308.0
121671.0
122034.0
122497.0
122960.0
123423.0
123886.0
124349.0
124812.0
125275.0
125738.0
126201.0
126664.0
127127.0
127590.0
128053.0
128516.0
128979.0
129442.0
129905.0
130368.0
130831.0
131294.0
131757.0
132220.0
133339.0
133966.0
134884.0
135101.0
135519.0
135836.0
136053.0
136571.0
136989.0
137306.0
137524.0
137741.0
138058.0
138375.0
138692.0
139009.0
139473.0
139836.0
140299.0
140763.0
