329.0
758.0
1264.0
1693.0
2152.0
2659.0
3118.0
3537.0
4006.0
4475.0
4944.0
5403.0
5872.0
6331.0
6790.0
7259.0
7718.0
8177.0
8636.0
9095.0
9554.0
9913.0
10372.0
10831.0
11290.0
11749.0
12208.0
12567.0
12926.0
13385.0
13844.0
14303.0
14762.0
15221.0
15680.0
16139.0
16598.0
17057.0
17516.0
17975.0
18434.0
18893.0
19000.0
19252.0
19611.0
19730.0
19849.0
19968.0
19987.0
19987.0
19987.0
19987.0
19987.0
19987.0
19987.0
19987.0
19987.0
19987.0
19987.0
19987.0
19987.0
19987.0
19987.0
19987.0
19987.0
19987.0
19987.0
19987.0
22500.0
22984.0
23468.0
23952.0
24194.0
24435.0
24677.0
24919.0
25161.0
25403.0
25645.0
25887.0
26129.0
26371.0
26613.0
26855.0
27097.0
27339.0
27581.0
27823.0
28065.0
28307.0
28549.0
28791.0
29033.0
29275.0
29517.0
29759.0
30000.0
30242.0
30484.0
30726.0
30968.0
31210.0
31452.0
31694.0
31936.0
32178.0
32420.0
32662.0
32904.0
33146.0
33388.0
33630.0
33872.0
34114.0
34356.0
34598.0
34840.0
35082.0
35324.0
35566.0
35808.0
36050.0
36292.0
36534.0
36776.0
37018.0
37260.0
37502.0
37744.0
37886.0
38028.0
38170.0
38312.0
38454.0
38596.0
38738.0
38880.0
48200.0
48400.0
48600.0
48800.0
49000.0
49200.0
49400.0
49600.0
49800.0
50000.0
50500.0
50700.0
51000.0
51200.0
51400.0
51600.0
51800.0
52000.0
52200.0
52400.0
52600.0
52800.0
53000.0
53200.0
53400.0
53600.0
53800.0
54000.0
54200.0
54400.0
54600.0
54800.0
55000.0
55200.0
55400.0
55600.0
55800.0
56000.0
56200.0
56400.0
56600.0
56800.0
57000.0
57200.0
57400.0
57600.0
57800.0
58000.0
58200.0
58400.0
58600.0
58800.0
59000.0
59200.0
59400.0
59600.0
59800.0
59900.0
62500.0
62984.0
63468.0
63952.0
64194.0
64435.0
64677.0
64919.0
65161.0
65403.0
65645.0
65887.0
66129.0
66371.0
66613.0
66855.0
67097.0
67339.0
67581.0
68265.0
68749.0
69233.0
69717.0
70201.0
70685.0
71027.0
71369.0
71711.0
72053.0
72395.0
72637.0
72879.0
73121.0
73363.0
73605.0
73847.0
74089.0
74331.0
74573.0
74815.0
75057.0
75399.0
75641.0
75883.0
76125.0
76367.0
76609.0
76851.0
77193.0
77435.0
77677.0
77919.0
78161.0
78403.0
78645.0
78887.0
79129.0
79371.0
79613.0
79855.0
81000.0
82500.0
82984.0
83468.0
83952.0
84194.0
84435.0
84677.0
84919.0
85161.0
85403.0
85645.0
85887.0
86129.0
86371.0
86613.0
86855.0
87097.0
87339.0
87581.0
87823.0
88065.0
88307.0
88549.0
88791.0
89033.0
89275.0
89517.0
89759.0
89901.0
90043.0
90185.0
90327.0
90468.0
90901.0
91043.0
91185.0
91327.0
91468.0
91629.0
91771.0
91913.0
92055.0
92197.0
92339.0
92481.0
92623.0
92765.0
92907.0
93049.0
93194.0
93468.0
93842.0
94074.0
94307.0
94539.0
94685.0
94827.0
94970.0
95112.0
95254.0
95396.0
95538.0
95685.0
95827.0
95969.0
96112.0
102500.0
102984.0
103468.0
103952.0
104194.0
104435.0
104677.0
104919.0
105161.0
105403.0
105645.0
105887.0
106129.0
106371.0
106613.0
106855.0
107097.0
107339.0
107581.0
107823.0
108065.0
108307.0
108549.0
108791.0
109033.0
109275.0
109517.0
109759.0
109901.0
110043.0
110185.0
110327.0
110469.0
110611.0
110753.0
110895.0
111037.0
111179.0
111321.0
111463.0
111605.0
111747.0
111889.0
112031.0
112173.0
112315.0
112457.0
112699.0
112841.0
112983.0
113125.0
113267.0
113409.0
113551.0
113713.0
113855.0
114037.0
114118.0
114502.0
114684.0
114866.0
115048.0
115230.0
115311.0
115493.0
115675.0
115857.0
116039.0
122500.0
122984.0
123468.0
123952.0
124195.0
124437.0
124680.0
124923.0
125166.0
125409.0
125652.0
125895.0
126137.0
126380.0
126623.0
126866.0
127109.0
127352.0
127595.0
127837.0
128080.0
128323.0
128566.0
128809.0
129052.0
129295.0
129537.0
129780.0
130023.0
130266.0
130509.0
130752.0
131137.0
131423.0
131709.0
132109.0
132409.0
132709.0
133095.0
133381.0
133671.0
133952.0
134238.0
134523.0
134809.0
135052.0
135338.0
135623.0
135909.0
136162.0
136448.0
136734.0
137019.0
137305.0
137591.0
137881.0
138162.0
138448.0
138734.0
139023.0
139309.0
139595.0
139881.0
