20.0
357.0
694.0
1030.0
1367.0
1715.0
2052.0
2389.0
2725.0
3062.0
3409.0
3735.0
4083.0
4408.0
4756.0
5104.0
5430.0
5778.0
6115.0
6452.0
6799.0
7124.0
7472.0
7809.0
8146.0
8483.0
8820.0
9156.0
9493.0
9830.0
10166.0
10514.0
10840.0
11176.0
11525.0
11850.0
12198.0
12535.0
12883.0
13208.0
13556.0
13904.0
14229.0
14578.0
14914.0
15251.0
15588.0
15924.0
16273.0
16609.0
16946.0
17283.0
17620.0
17956.0
18293.0
18630.0
18966.0
19303.0
19639.0
19988.0
20259.0
20479.0
20688.0
20886.0
21095.0
21304.0
21524.0
21733.0
21931.0
22151.0
22359.0
22568.0
22777.0
22986.0
23195.0
23404.0
23613.0
23822.0
24031.0
24240.0
24449.0
24658.0
24867.0
25076.0
25285.0
25494.0
25703.0
25912.0
26121.0
26330.0
26539.0
26748.0
26957.0
27166.0
27375.0
27584.0
27793.0
27990.0
28209.0
28429.0
28638.0
28847.0
29056.0
29265.0
29474.0
29683.0
29892.0
30101.0
30310.0
30507.0
30716.0
30925.0
31134.0
31343.0
31552.0
31761.0
31970.0
32179.0
32388.0
32597.0
32806.0
33015.0
33224.0
33433.0
33642.0
33851.0
34060.0
34269.0
34478.0
34687.0
34890.0
40023.0
40499.0
40650.0
40813.0
41173.0
41335.0
41510.0
41672.0
41823.0
42010.0
42172.0
42335.0
42510.0
42672.0
42835.0
43010.0
43172.0
43335.0
43510.0
43672.0
43835.0
44010.0
44172.0
44335.0
44497.0
44672.0
44835.0
45010.0
45172.0
45335.0
45510.0
45672.0
45835.0
46010.0
46172.0
46335.0
46510.0
46672.0
46835.0
47010.0
47172.0
47335.0
47510.0
47672.0
47835.0
48010.0
48172.0
48335.0
48510.0
48672.0
48835.0
49010.0
49172.0
49335.0
49510.0
49672.0
49835.0
50010.0
50172.0
50335.0
50510.0
50672.0
50835.0
51010.0
51172.0
51335.0
51510.0
51672.0
51835.0
52010.0
52172.0
52335.0
52510.0
52672.0
60024.0
60350.0
60675.0
60988.0
61313.0
61627.0
61939.0
62264.0
62578.0
62880.0
63205.0
63529.0
63831.0
64156.0
64469.0
64794.0
65119.0
65433.0
65746.0
66060.0
66385.0
66698.0
67012.0
67325.0
67639.0
67964.0
68277.0
68591.0
68904.0
69229.0
69543.0
69856.0
70181.0
70483.0
70797.0
71122.0
71435.0
71749.0
72074.0
72387.0
72690.0
73015.0
73328.0
73642.0
73955.0
74279.0
74593.0
74907.0
75220.0
75534.0
75847.0
76160.0
76474.0
76787.0
77101.0
77414.0
77728.0
78053.0
78366.0
78680.0
79005.0
79307.0
79620.0
79934.0
80020.0
80357.0
80682.0
81042.0
81379.0
81715.0
82052.0
82389.0
82725.0
83062.0
83409.0
83734.0
84071.0
84408.0
84744.0
85081.0
85418.0
85754.0
86091.0
86428.0
86764.0
87101.0
87426.0
87763.0
88100.0
88436.0
88773.0
89109.0
89434.0
89771.0
90108.0
90444.0
90781.0
91106.0
91431.0
91779.0
92104.0
92430.0
92778.0
93103.0
93428.0
93765.0
94102.0
94438.0
94775.0
95100.0
95437.0
95773.0
96110.0
96447.0
96772.0
97109.0
97434.0
97782.0
98107.0
98432.0
98769.0
99106.0
99431.0
99768.0
100020.0
100357.0
100694.0
101020.0
101356.0
101681.0
102029.0
102355.0
102691.0
103028.0
103353.0
103690.0
104026.0
104351.0
104699.0
105024.0
105350.0
105686.0
106023.0
106359.0
106696.0
107021.0
107358.0
107683.0
108020.0
108356.0
108693.0
109029.0
109355.0
109691.0
110028.0
110353.0
110689.0
111026.0
111351.0
111699.0
112024.0
112350.0
112686.0
113023.0
113359.0
113684.0
114021.0
114358.0
114694.0
115020.0
115356.0
115693.0
116029.0
116354.0
116691.0
117028.0
117353.0
117689.0
118026.0
118351.0
118688.0
119025.0
119350.0
119686.0
120000.0
120256.0
120499.0
120732.0
120987.0
121000.0
121231.0
121475.0
121720.0
121952.0
122184.0
122439.0
122683.0
122915.0
123159.0
123403.0
123647.0
123891.0
124123.0
124367.0
124611.0
124843.0
125087.0
125320.0
125563.0
125807.0
126051.0
126283.0
126527.0
126771.0
127015.0
127247.0
127491.0
127723.0
127967.0
128200.0
128443.0
128687.0
128931.0
129163.0
129407.0
129651.0
129883.0
130127.0
130371.0
130603.0
130847.0
131091.0
131323.0
131567.0
131800.0
132043.0
132276.0
132519.0
132763.0
132995.0
133239.0
133483.0
133715.0
133947.0
134191.0
134435.0
134679.0
134911.0
135155.0
135387.0
135631.0
135863.0
136107.0
136340.0
136583.0
