0.0
455.0
2864.0
3319.0
3550.0
3781.0
3911.0
4041.0
4171.0
4301.0
4431.0
4561.0
4691.0
4821.0
4952.0
5082.0
6138.0
6966.0
7894.0
8822.0
9750.0
10678.0
14301.0
14856.0
15311.0
15541.0
15671.0
15801.0
15931.0
16061.0
16191.0
16321.0
16452.0
16582.0
16712.0
16842.0
16972.0
17102.0
17232.0
17363.0
17593.0
17723.0
17854.0
17984.0
18114.0
18244.0
18375.0
18505.0
18636.0
18766.0
18898.0
19259.0
19521.0
20353.0
20706.0
22188.0
22541.0
22904.0
23257.0
23610.0
23963.0
24316.0
24669.0
25022.0
25375.0
25498.0
26110.0
26233.0
26586.0
26706.0
26829.0
26952.0
27075.0
27198.0
27321.0
27444.0
28056.0
28179.0
28952.0
29564.0
30046.0
30528.0
31010.0
33375.0
33857.0
34340.0
34821.0
35303.0
35785.0
36267.0
36749.0
37231.0
37713.0
38195.0
38677.0
39159.0
39641.0
40000.0
40455.0
42864.0
43319.0
43774.0
44014.0
44156.0
44396.0
44538.0
44680.0
44822.0
44964.0
45106.0
45248.0
45390.0
45532.0
45674.0
45816.0
45958.0
46100.0
46242.0
46384.0
46526.0
46668.0
46810.0
46952.0
47094.0
47236.0
47378.0
47833.0
48288.0
48744.0
49199.0
49655.0
50111.0
50567.0
51023.0
51479.0
51621.0
51763.0
51905.0
52047.0
52189.0
52331.0
52473.0
52615.0
52757.0
52998.0
53621.0
54077.0
54533.0
55089.0
55545.0
56001.0
56457.0
56913.0
57369.0
57609.0
57751.0
57991.0
58857.0
59984.0
60329.0
60758.0
62263.0
62692.0
65121.0
65550.0
67979.0
68408.0
70837.0
71267.0
71696.0
72126.0
72555.0
72984.0
73413.0
73842.0
74271.0
74700.0
75129.0
75558.0
76018.0
76447.0
76876.0
77305.0
77734.0
78163.0
78592.0
79021.0
79450.0
79879.0
80353.0
80706.0
82188.0
82541.0
82904.0
83257.0
83610.0
83963.0
84296.0
84649.0
84982.0
85325.0
85541.0
85757.0
86104.0
86218.0
92188.0
92541.0
92757.0
93104.0
93218.0
93332.0
93446.0
93560.0
93674.0
93788.0
93902.0
94016.0
94129.0
94243.0
94357.0
94839.0
95296.0
95410.0
95635.0
95853.0
95966.0
96079.0
96193.0
96307.0
96421.0
96535.0
96649.0
96763.0
96877.0
97230.0
97446.0
97663.0
97877.0
98094.0
98310.0
98424.0
98538.0
98652.0
98766.0
98880.0
99094.0
99310.0
99424.0
99538.0
99652.0
99766.0
99880.0
99994.0
100353.0
100706.0
102188.0
102541.0
102894.0
103247.0
103599.0
103952.0
104030.0
104107.0
104188.0
104269.0
104349.0
104430.0
104510.0
104594.0
104675.0
104756.0
104837.0
104918.0
105094.0
105447.0
105800.0
106152.0
106966.0
107219.0
107472.0
107725.0
108078.0
108431.0
108784.0
109137.0
109490.0
109843.0
110196.0
110549.0
111030.0
111383.0
112594.0
114447.0
114800.0
115152.0
115966.0
116219.0
116472.0
116725.0
117078.0
117431.0
117784.0
118137.0
118490.0
118843.0
119196.0
119277.0
119358.0
119439.0
119520.0
119594.0
119675.0
119756.0
119837.0
119918.0
120009.0
120090.0
120171.0
120252.0
120333.0
120382.0
120414.0
120495.0
120500.0
120940.0
121698.0
122884.0
123441.0
124627.0
125184.0
125509.0
125835.0
126050.0
126265.0
126480.0
126695.0
127353.0
128236.0
129010.0
129466.0
130553.0
132029.0
132485.0
132811.0
133137.0
133352.0
133567.0
133893.0
134670.0
136658.0
136984.0
137310.0
137636.0
137851.0
138067.0
138393.0
138950.0
139405.0
139861.0
