4740.0
5130.0
5520.0
5910.0
6300.0
6690.0
7080.0
7470.0
7860.0
8250.0
8640.0
9030.0
9420.0
9810.0
10100.0
10590.0
10980.0
11370.0
11550.0
11730.0
12020.0
12200.0
12380.0
12560.0
12740.0
12920.0
13100.0
13280.0
13460.0
13640.0
13820.0
14000.0
14180.0
14360.0
14540.0
14720.0
14900.0
15076.0
15250.0
15429.0
15608.0
15784.0
15960.0
16136.0
16312.0
16488.0
16664.0
16840.0
17016.0
17192.0
17368.0
17544.0
17720.0
17896.0
18071.0
18247.0
18423.0
18599.0
18875.0
19151.0
19427.0
20357.0
20682.0
21008.0
21334.0
21659.0
22085.0
22511.0
23182.0
23407.0
23733.0
24059.0
24385.0
24811.0
25237.0
29048.0
29474.0
29899.0
30325.0
30651.0
30977.0
31303.0
31629.0
32200.0
32871.0
33297.0
33723.0
34149.0
34575.0
35001.0
35427.0
35853.0
36279.0
36859.0
37285.0
37711.0
38137.0
38663.0
39089.0
40353.0
40706.0
42188.0
42541.0
42904.0
43257.0
43610.0
43963.0
44073.0
44188.0
44431.0
44784.0
45027.0
45269.0
45512.0
45754.0
46107.0
46349.0
46607.0
46850.0
50107.0
50349.0
50607.0
50849.0
51107.0
51349.0
51692.0
51807.0
51922.0
52037.0
52152.0
52269.0
52384.0
52599.0
52841.0
53094.0
53446.0
53899.0
54242.0
54484.0
54699.0
54807.0
54922.0
55037.0
55152.0
55269.0
55384.0
55599.0
55841.0
56188.0
56641.0
57094.0
57446.0
57899.0
58242.0
58353.0
58468.0
58584.0
58699.0
58807.0
58922.0
59037.0
59152.0
59269.0
59384.0
59599.0
59841.0
60113.0
60294.0
60475.0
60656.0
61021.0
62586.0
62951.0
63316.0
63597.0
63878.0
64159.0
64440.0
64721.0
65000.0
65181.0
65462.0
65643.0
65824.0
66005.0
66186.0
66367.0
67113.0
67578.0
68440.0
68905.0
69269.0
69634.0
69815.0
70096.0
70277.0
70458.0
70639.0
70820.0
71001.0
71182.0
71363.0
71544.0
71809.0
72174.0
73036.0
73401.0
73866.0
74231.0
74596.0
74777.0
74958.0
75139.0
75320.0
75401.0
75582.0
75763.0
75844.0
76025.0
76206.0
76387.0
76568.0
76933.0
77398.0
80353.0
80706.0
82188.0
82541.0
82994.0
83819.0
84002.0
84188.0
84375.0
84561.0
84747.0
85100.0
85453.0
85806.0
86159.0
86747.0
87209.0
87662.0
88014.0
88367.0
88720.0
89073.0
89426.0
89779.0
90099.0
90453.0
90806.0
91159.0
91747.0
92209.0
92662.0
93124.0
93577.0
94039.0
94492.0
94954.0
96175.0
96637.0
97099.0
97443.0
97896.0
98249.0
98711.0
99164.0
99626.0
100357.0
100612.0
100868.0
101000.0
101123.0
101379.0
101634.0
101881.0
102030.0
102185.0
102296.0
102407.0
102518.0
102629.0
102740.0
102860.0
103015.0
103161.0
103417.0
103673.0
103929.0
104185.0
104441.0
104697.0
104808.0
104919.0
105030.0
105141.0
105252.0
105363.0
105599.0
106845.0
107101.0
107559.0
108226.0
108993.0
109249.0
109505.0
109616.0
109727.0
109838.0
109949.0
110060.0
110180.0
110300.0
110420.0
110540.0
110660.0
110880.0
111099.0
111210.0
111330.0
111441.0
111552.0
111663.0
111774.0
111885.0
112004.0
112124.0
112260.0
112416.0
112572.0
113030.0
113286.0
113643.0
116009.0
116120.0
116231.0
116342.0
116453.0
116564.0
116675.0
120267.0
120500.0
120733.0
121267.0
122833.0
123067.0
123500.0
124033.0
124467.0
124900.0
125333.0
125667.0
126133.0
126733.0
127267.0
127500.0
128067.0
128500.0
129033.0
129467.0
129900.0
130083.0
130267.0
130417.0
130500.0
130583.0
130667.0
130750.0
130833.0
131067.0
131267.0
131417.0
132267.0
132500.0
132917.0
133083.0
133333.0
133417.0
133500.0
133583.0
133667.0
133750.0
133833.0
134067.0
134417.0
134567.0
134750.0
135083.0
135417.0
135500.0
135583.0
135667.0
135750.0
135833.0
136067.0
136417.0
136567.0
136750.0
137083.0
137333.0
137500.0
137833.0
138267.0
138500.0
138917.0
139083.0
139267.0
139333.0
139417.0
139500.0
139500.0
