2100.0
2300.0
2400.0
2600.0
2800.0
3000.0
3100.0
3200.0
3300.0
3500.0
3700.0
3800.0
4000.0
4200.0
4400.0
4600.0
5000.0
5600.0
5800.0
6200.0
6400.0
6600.0
6800.0
7000.0
7200.0
7400.0
7600.0
7800.0
8000.0
8200.0
8400.0
8600.0
8800.0
9000.0
9200.0
9400.0
9600.0
9800.0
10000.0
10200.0
10400.0
10600.0
10800.0
11000.0
11200.0
11400.0
11600.0
11800.0
12000.0
12200.0
12400.0
12600.0
12800.0
13000.0
13200.0
13400.0
13600.0
13800.0
14000.0
14200.0
14400.0
14600.0
14800.0
15000.0
15200.0
15400.0
15600.0
15800.0
16000.0
16200.0
16400.0
16600.0
16800.0
17000.0
17200.0
17400.0
17600.0
17800.0
18000.0
18200.0
18400.0
18600.0
18800.0
19000.0
19200.0
19400.0
19600.0
19800.0
20353.0
20526.0
20706.0
22071.0
22118.0
22471.0
22514.0
22824.0
22957.0
23176.0
23401.0
23845.0
23889.0
24434.0
24878.0
25323.0
25767.0
26118.0
26563.0
26607.0
27151.0
27595.0
27639.0
28000.0
32176.0
32529.0
32882.0
33059.0
33235.0
33412.0
33588.0
33765.0
33941.0
34118.0
34294.0
34471.0
34647.0
34824.0
35000.0
35176.0
35353.0
35529.0
35706.0
35882.0
36059.0
36235.0
36412.0
36588.0
36765.0
36941.0
37118.0
37294.0
37471.0
37647.0
37824.0
38000.0
38176.0
38353.0
38529.0
38706.0
38882.0
39059.0
39235.0
39412.0
39588.0
39765.0
40353.0
42768.0
43129.0
43590.0
44051.0
44512.0
45073.0
45534.0
46000.0
46461.0
46922.0
47383.0
47844.0
48305.0
48766.0
49227.0
49688.0
50049.0
50510.0
50971.0
51432.0
51893.0
52254.0
52715.0
53176.0
53637.0
54098.0
54559.0
55020.0
55481.0
55942.0
56403.0
56864.0
57225.0
57586.0
57947.0
58308.0
58669.0
59030.0
59391.0
62500.0
62984.0
63468.0
63952.0
64194.0
64435.0
64677.0
64919.0
65161.0
65403.0
65645.0
65887.0
66129.0
66371.0
66613.0
66855.0
67097.0
67339.0
67581.0
67823.0
68065.0
68307.0
68549.0
68791.0
69033.0
69275.0
69517.0
69759.0
69901.0
70043.0
70185.0
70327.0
70469.0
70611.0
70753.0
70895.0
71037.0
71179.0
71321.0
71463.0
71605.0
71747.0
71889.0
72031.0
72173.0
72315.0
72457.0
72699.0
72841.0
72983.0
73125.0
73267.0
73409.0
73551.0
73713.0
73895.0
74077.0
74259.0
74441.0
74623.0
74705.0
74887.0
75069.0
75251.0
75433.0
75615.0
75797.0
75979.0
80357.0
80824.0
81639.0
82106.0
82573.0
83039.0
83506.0
84211.0
84778.0
85245.0
85711.0
86178.0
86645.0
87112.0
87579.0
88046.0
88513.0
89080.0
89546.0
90013.0
90479.0
90946.0
91412.0
91870.0
92336.0
92803.0
93269.0
93736.0
94202.0
94668.0
95134.0
95501.0
95867.0
96233.0
96699.0
97065.0
97531.0
97997.0
100353.0
100706.0
102118.0
102471.0
102824.0
103176.0
112176.0
112529.0
112882.0
113059.0
113235.0
113412.0
113588.0
113765.0
113941.0
114118.0
114294.0
114471.0
114647.0
114824.0
115000.0
115176.0
115353.0
115529.0
115706.0
115882.0
116059.0
116235.0
116412.0
116588.0
116765.0
116941.0
117118.0
117294.0
117471.0
117647.0
117824.0
118000.0
118176.0
118353.0
118529.0
118706.0
118882.0
119059.0
119235.0
119412.0
119588.0
119765.0
119941.0
120267.0
120500.0
120583.0
120750.0
120833.0
121000.0
121333.0
121429.0
121571.0
121667.0
121833.0
122000.0
122333.0
122500.0
122583.0
122750.0
123000.0
123267.0
123500.0
123583.0
123667.0
123833.0
124000.0
124333.0
124571.0
124667.0
124833.0
125000.0
125333.0
125500.0
125583.0
125750.0
126000.0
126267.0
126500.0
126583.0
126667.0
126833.0
127000.0
127333.0
127500.0
127833.0
128333.0
129333.0
129500.0
129583.0
129667.0
129833.0
130000.0
130333.0
130500.0
130583.0
130667.0
130833.0
131000.0
131333.0
134333.0
134500.0
134583.0
134667.0
134833.0
135000.0
135333.0
135500.0
135583.0
135667.0
135833.0
136000.0
136333.0
136500.0
136583.0
136667.0
136833.0
137000.0
137000.0
137333.0
137500.0
