23.0
650.0
871.0
1497.0
1706.0
2345.0
2554.0
3192.0
3389.0
3912.0
4133.0
4760.0
4968.0
5595.0
5804.0
6431.0
6652.0
7278.0
7487.0
8114.0
8323.0
8938.0
9158.0
9785.0
10006.0
10633.0
10853.0
11480.0
11689.0
12316.0
12525.0
13152.0
13372.0
13988.0
14197.0
14835.0
15044.0
15660.0
15869.0
16496.0
16705.0
17332.0
17552.0
18179.0
18388.0
18900.0
19120.0
19747.0
19956.0
19991.0
19991.0
19991.0
19991.0
19991.0
20239.0
20471.0
20680.0
20924.0
21156.0
21377.0
21609.0
21853.0
22073.0
22306.0
22538.0
22770.0
22989.0
23222.0
23454.0
23686.0
23918.0
24140.0
24384.0
24604.0
24848.0
25069.0
25313.0
25533.0
25777.0
25998.0
26230.0
26462.0
26683.0
26927.0
27147.0
27380.0
27612.0
27832.0
28076.0
28297.0
28530.0
28773.0
28994.0
29226.0
29458.0
29680.0
29924.0
30156.0
30377.0
30609.0
30853.0
31073.0
31317.0
31538.0
31770.0
32014.0
32246.0
32467.0
32699.0
32931.0
33163.0
33395.0
33616.0
33848.0
34080.0
34324.0
34544.0
34777.0
35009.0
35253.0
35474.0
35694.0
35938.0
36170.0
36400.0
40297.0
40459.0
40633.0
40808.0
41000.0
41005.0
41167.0
41342.0
41516.0
41690.0
41852.0
42026.0
42201.0
42363.0
42537.0
42723.0
42897.0
43071.0
43245.0
43420.0
43594.0
43768.0
43942.0
44116.0
44289.0
44452.0
44638.0
44824.0
44986.0
45160.0
45334.0
45519.0
45682.0
45856.0
46030.0
46204.0
46378.0
46552.0
46726.0
46901.0
47075.0
47249.0
47423.0
47597.0
47760.0
47922.0
48096.0
48294.0
48456.0
48630.0
48804.0
48978.0
49152.0
49315.0
49501.0
49675.0
49837.0
50011.0
50185.0
50348.0
50534.0
50708.0
50882.0
51045.0
51220.0
51394.0
51556.0
51730.0
51904.0
52067.0
52253.0
52427.0
52590.0
60020.0
60391.0
60751.0
61146.0
61529.0
61890.0
62273.0
62656.0
63028.0
63399.0
63771.0
64154.0
64526.0
64909.0
65281.0
65652.0
66024.0
66396.0
66779.0
67151.0
67522.0
67894.0
68277.0
68649.0
69020.0
69392.0
69775.0
70158.0
70529.0
70913.0
71273.0
71656.0
72028.0
72399.0
72771.0
73154.0
73526.0
73909.0
74280.0
74652.0
75024.0
75395.0
75779.0
76150.0
76522.0
76893.0
77277.0
77648.0
78020.0
78391.0
78775.0
79158.0
79529.0
79901.0
79994.0
80020.0
80357.0
80682.0
81019.0
81344.0
81692.0
82017.0
82354.0
82680.0
83016.0
83353.0
83689.0
84026.0
84351.0
84699.0
85024.0
85350.0
85686.0
86023.0
86359.0
86684.0
87021.0
87358.0
87683.0
88019.0
88356.0
88681.0
89018.0
89354.0
89680.0
90016.0
90353.0
90689.0
91026.0
91351.0
91699.0
92024.0
92350.0
92686.0
93023.0
93359.0
93684.0
94021.0
94358.0
94683.0
95020.0
95356.0
95681.0
96018.0
96355.0
96680.0
97028.0
97353.0
97689.0
98026.0
98351.0
98688.0
99025.0
99350.0
99686.0
100285.0
100436.0
100796.0
101098.0
101376.0
101549.0
101690.0
101981.0
102283.0
102573.0
102875.0
103165.0
103456.0
103757.0
104048.0
104350.0
104640.0
104930.0
105220.0
105522.0
105824.0
106114.0
106404.0
106695.0
106985.0
107275.0
107577.0
107879.0
108170.0
108460.0
108750.0
109040.0
109330.0
109620.0
109922.0
110212.0
110514.0
110804.0
111095.0
111385.0
111675.0
111989.0
112279.0
112570.0
112860.0
113150.0
113452.0
113742.0
114032.0
114322.0
114613.0
114903.0
115205.0
115495.0
115785.0
116076.0
116366.0
116656.0
116947.0
117237.0
117527.0
117829.0
118120.0
118410.0
118700.0
119002.0
119292.0
119582.0
119872.0
120028.0
120365.0
120701.0
121049.0
121386.0
121723.0
122060.0
122408.0
122733.0
123082.0
123418.0
123755.0
124092.0
124428.0
124765.0
125113.0
125438.0
125775.0
126123.0
126459.0
126796.0
127133.0
127469.0
127818.0
128154.0
128480.0
128828.0
129165.0
129513.0
129838.0
130186.0
130523.0
130860.0
131208.0
131545.0
131881.0
132218.0
132555.0
132903.0
133228.0
133565.0
133913.0
134249.0
134586.0
134923.0
135259.0
135608.0
135944.0
136270.0
136606.0
136943.0
137280.0
137616.0
137953.0
138290.0
138626.0
138963.0
139300.0
