428.0
953.0
1294.0
1476.0
1658.0
1840.0
2022.0
2204.0
2385.0
2567.0
2749.0
2930.0
3112.0
3294.0
3476.0
3658.0
3840.0
4022.0
4204.0
4385.0
4567.0
4749.0
5126.0
5308.0
5490.0
5672.0
5854.0
6036.0
6218.0
6400.0
6581.0
6763.0
6945.0
7126.0
8984.0
9598.0
10070.0
10541.0
11013.0
11484.0
11956.0
12428.0
12901.0
13372.0
13844.0
14316.0
14788.0
15129.0
15311.0
15493.0
15675.0
15857.0
16039.0
16221.0
16403.0
16585.0
16767.0
16949.0
17421.0
17893.0
18365.0
18837.0
20291.0
20465.0
20737.0
21130.0
21519.0
22038.0
22212.0
22386.0
22560.0
22737.0
22911.0
23085.0
23259.0
23433.0
23607.0
23781.0
24291.0
24465.0
24737.0
25248.0
25422.0
25596.0
25770.0
25944.0
26118.0
26291.0
26465.0
26737.0
27118.0
28827.0
29001.0
29175.0
29349.0
29523.0
29697.0
29871.0
30045.0
30434.0
30608.0
30880.0
31054.0
31228.0
31402.0
31576.0
31750.0
31924.0
32196.0
32370.0
34880.0
35369.0
35543.0
35815.0
36087.0
36261.0
36435.0
36609.0
36783.0
36957.0
37131.0
37305.0
37479.0
37653.0
37827.0
38109.0
38598.0
39087.0
39469.0
40291.0
40537.6
41102.8
41349.4
41814.6
42279.8
42745.0
43211.2
43557.8
43904.4
44251.0
44597.6
45062.8
45528.0
46093.2
46440.0
46786.6
47251.8
47597.6
47719.4
51537.6
51884.2
52230.8
52576.5
52798.3
53020.1
53086.6
53208.4
53330.2
53452.0
53573.8
53745.0
53866.8
53988.6
54100.4
54222.2
54344.0
54565.8
54687.6
54809.4
54931.2
55053.0
55174.8
55296.6
55418.4
55540.2
55662.0
55783.8
56029.4
56275.0
56520.6
56757.2
57002.8
57558.0
58013.6
58896.6
60459.0
60688.0
61017.0
61246.0
61475.0
61704.0
61833.0
62062.0
62291.0
62420.0
62549.0
62704.0
62833.0
62962.0
63101.0
63529.0
63658.0
63887.0
64017.0
64246.0
64704.0
65162.0
65704.0
66261.0
66688.0
66918.0
67375.0
67605.0
67943.0
68599.0
69056.0
69494.0
69833.0
69962.0
70128.0
70284.0
70440.0
70569.0
70708.0
70847.0
71204.0
71542.0
71880.0
72219.0
72348.0
72785.0
73442.0
73880.0
74219.0
74348.0
74477.0
74607.0
74736.0
74865.0
75094.0
75652.0
76110.0
76557.0
77015.0
77473.0
77602.0
77940.0
78069.0
78198.0
78328.0
78457.0
78587.0
78816.0
79154.0
80291.0
80461.0
84583.0
84763.0
85000.0
85234.0
85575.0
85916.0
86257.0
86598.0
86829.0
87061.0
87303.0
87534.0
87757.0
88098.0
92416.0
92691.0
93034.0
93375.0
93616.0
93858.0
94209.0
94763.0
95000.0
95234.0
95461.0
95703.0
96145.0
96709.0
97191.0
97416.0
97691.0
98034.0
98375.0
98616.0
98858.0
99312.0
99534.0
99757.0
99979.0
100323.0
100478.0
100634.0
100789.0
101121.0
102232.0
102494.0
102650.0
102911.0
103066.0
103323.0
103478.0
103634.0
103956.0
104278.0
104711.0
105150.0
105478.0
108634.0
109177.0
109333.0
109589.0
109745.0
110000.0
110256.0
110513.0
110669.0
110925.0
111182.0
111338.0
111595.0
111751.0
112066.0
112313.0
112559.0
113000.0
113445.0
113888.0
114044.0
114588.0
115033.0
115478.0
115925.0
116182.0
116338.0
116694.0
116849.0
117006.0
117162.0
117500.0
117846.0
118291.0
118737.0
118893.0
119149.0
119305.0
119461.0
119617.0
120267.0
120514.0
120693.0
121000.0
121182.0
121363.0
121610.0
121929.0
122248.0
122567.0
122886.0
123205.0
123524.0
123843.0
124162.0
124481.0
124800.0
125119.0
125438.0
125757.0
126076.0
126395.0
126714.0
127033.0
130000.0
130318.0
130597.0
131000.0
131318.0
131597.0
132000.0
132318.0
132597.0
133000.0
133318.0
133497.0
133676.0
133855.0
134274.0
134593.0
134872.0
135191.0
135470.0
135649.0
135828.0
136248.0
136567.0
136646.0
136828.0
136907.0
137086.0
137267.0
137446.0
137628.0
137807.0
137986.0
138165.0
138344.0
138523.0
138702.0
138881.0
139060.0
139239.0
139418.0
139597.0
139776.0
139955.0
