2500.0
2984.0
3468.0
3952.0
4195.0
4437.0
4680.0
4923.0
5166.0
5409.0
5652.0
5895.0
6677.0
8166.0
8409.0
8652.0
8895.0
9137.0
9380.0
9623.0
9866.0
10008.0
10250.0
10492.0
10735.0
11119.0
11502.0
16502.0
16886.0
17269.0
17653.0
18037.0
18421.0
18805.0
19189.0
19573.0
19816.0
19958.0
20382.0
20941.0
21501.0
26382.0
26726.0
27050.0
27167.0
27491.0
27608.0
28263.0
28501.0
29073.0
29167.0
29406.0
29941.0
30000.0
30239.0
30308.0
30382.0
30823.0
31263.0
31704.0
32145.0
32586.0
33027.0
33467.0
33808.0
33972.0
34532.0
35073.0
35311.0
35382.0
35546.0
35704.0
35858.0
36017.0
36172.0
36337.0
36778.0
37017.0
38337.0
38598.0
38763.0
39104.0
39365.0
39430.0
39691.0
39855.0
40195.0
40357.0
40360.0
40525.0
40689.0
40814.0
40853.0
41695.0
42429.0
42885.0
43341.0
43797.0
44253.0
44709.0
45165.0
45621.0
46077.0
46533.0
47089.0
50714.0
51170.0
51626.0
52082.0
52538.0
52538.0
53065.0
53094.0
53550.0
53591.0
54006.0
54047.0
54462.0
54583.0
54918.0
55039.0
55374.0
55575.0
55830.0
56000.0
56052.0
56286.0
56529.0
57006.0
57483.0
57939.0
58406.0
58862.0
59839.0
60357.0
60714.0
60811.0
65185.0
65729.0
66273.0
66817.0
67361.0
67905.0
68449.0
69093.0
69945.0
70589.0
71133.0
71677.0
72131.0
72675.0
73129.0
73573.0
74027.0
74471.0
76129.0
76985.0
77841.0
78797.0
80000.0
80455.0
82116.0
82570.0
82813.0
83570.0
83919.0
84162.0
84616.0
84965.0
85313.0
85662.0
86013.0
86362.0
86716.0
87070.0
87419.0
88162.0
88513.0
88862.0
89116.0
89357.0
90000.0
90455.0
90804.0
91157.0
91506.0
91857.0
92206.0
92556.0
92905.0
93256.0
93605.0
93848.0
94199.0
94548.0
94898.0
95247.0
95589.0
95937.0
96287.0
96629.0
97062.0
97402.0
97750.0
98091.0
98433.0
98774.0
99126.0
99468.0
99809.0
99865.0
99921.0
99977.0
100357.0
100811.0
105185.0
105639.0
106094.0
106548.0
107002.0
107456.0
107910.0
108364.0
108818.0
109273.0
109727.0
110182.0
110636.0
111090.0
111544.0
112000.0
112454.0
112908.0
113363.0
113817.0
114271.0
114725.0
115179.0
115633.0
116088.0
116542.0
117000.0
117454.0
117908.0
118363.0
118817.0
119271.0
119725.0
119946.7
120000.0
120455.0
122861.0
123316.0
123771.0
124012.0
124252.0
124493.0
124733.0
124974.0
125214.0
125455.0
125696.0
125936.0
126177.0
126418.0
128824.0
129279.0
129734.0
130046.0
130388.0
130629.0
130870.0
131111.0
131352.0
131476.0
131698.0
131922.0
132046.0
132268.0
132493.0
132714.0
133169.0
133624.0
134079.0
134434.0
134756.0
135078.0
135433.0
135755.0
135879.0
136109.0
136233.0
136455.0
136677.0
136918.0
137140.0
137361.0
137583.0
137805.0
137929.0
138151.0
138373.0
138595.0
138817.0
139039.0
139261.0
139483.0
139707.0
140267.0
140514.0
140693.0
141000.0
141182.0
141359.0
141606.0
141783.0
142029.0
142387.0
142623.0
142971.0
143217.0
143539.0
143851.0
144163.0
144485.0
144833.0
145055.0
145377.0
145699.0
146046.0
146368.0
146690.0
147336.0
147658.0
148204.0
148551.0
148873.0
149221.0
149559.0
149646.0
149733.0
149819.0
149906.0
150014.0
150101.0
150188.0
150275.0
150362.0
150449.0
150536.0
150623.0
150855.0
151177.0
151499.0
151833.0
152163.0
152485.0
152819.0
153167.0
153514.0
153851.0
154163.0
154485.0
154661.0
154748.0
154835.0
154922.0
155009.0
155096.0
155183.0
155267.0
155354.0
155441.0
155673.0
156029.0
156368.0
156715.0
