2500.0
2800.0
3000.0
3100.0
3200.0
3300.0
3400.0
3500.0
3600.0
3700.0
3800.0
3900.0
4000.0
4100.0
4200.0
4300.0
4400.0
4500.0
4600.0
4700.0
4800.0
4900.0
5000.0
5100.0
5200.0
5300.0
5400.0
5600.0
5800.0
6100.0
6200.0
6300.0
6400.0
6500.0
6600.0
6700.0
6800.0
6900.0
7000.0
7100.0
7200.0
7300.0
7400.0
7500.0
7600.0
7700.0
7800.0
7900.0
8000.0
8100.0
8200.0
8300.0
8400.0
8500.0
8600.0
8700.0
8800.0
8900.0
9100.0
9400.0
9600.0
9700.0
9800.0
9900.0
20353.0
20706.0
22188.0
22541.0
22904.0
23257.0
23619.0
23972.0
24334.0
24696.0
24988.0
25280.0
25572.0
26119.0
27104.0
28541.0
29089.0
30000.0
30353.0
30706.0
30840.0
31032.0
31166.0
31358.0
31591.0
31825.0
32059.0
32293.0
32527.0
32761.0
33005.0
33239.0
33473.0
33717.0
33851.0
34085.0
34319.0
34553.0
34787.0
35032.0
35579.0
36032.0
36494.0
36956.0
37419.0
37881.0
38015.0
38149.0
38283.0
38417.0
38551.0
38685.0
38819.0
39696.0
39931.0
40353.0
40706.0
42118.0
42471.0
42824.0
43176.0
43529.0
43882.0
44235.0
44588.0
44941.0
45294.0
45646.0
46009.0
46362.0
46614.0
46866.0
47118.0
47371.0
47624.0
47876.0
48129.0
48382.0
48635.0
49176.0
49429.0
49682.0
49834.0
50088.0
50341.0
50595.0
50848.0
51009.0
51161.0
51314.0
51466.0
51618.0
51770.0
51922.0
52075.0
52227.0
53129.0
53582.0
53834.0
54088.0
54341.0
54595.0
54848.0
55101.0
55353.0
55606.0
55859.0
56118.0
56270.0
56422.0
56575.0
56727.0
56876.0
57029.0
57176.0
57328.0
57480.0
57632.0
57785.0
57937.0
65455.0
65795.0
66136.0
68230.0
68570.0
68911.0
69259.0
69599.0
69940.0
70280.0
70621.0
70861.0
71102.0
71342.0
71583.0
72558.0
73434.0
73773.0
74115.0
74455.0
74795.0
75136.0
75795.0
76558.0
77434.0
78209.0
79085.0
79850.0
79972.0
80353.0
80706.0
82188.0
82541.0
82904.0
83257.0
83610.0
83963.0
84316.0
84669.0
85022.0
85375.0
85492.0
85706.0
85823.0
86037.0
86154.0
86368.0
86485.0
86602.0
86816.0
86933.0
87147.0
87500.0
87853.0
88206.0
88410.0
88623.0
88740.0
88857.0
89071.0
89424.0
89777.0
90130.0
90583.0
91353.0
92124.0
93857.0
94071.0
94285.0
94738.0
95191.0
95644.0
96097.0
96550.0
97003.0
97456.0
97909.0
98362.0
98815.0
99268.0
99721.0
99838.0
99955.0
100071.0
100285.0
100353.0
100402.0
100616.0
100706.0
100838.0
102188.0
102541.0
102994.0
103870.0
104092.0
104315.0
104537.0
104881.0
105224.0
105568.0
105911.0
106255.0
106599.0
107052.0
107496.0
107959.0
108412.0
108856.0
109315.0
109759.0
110092.0
110315.0
110873.0
111217.0
111561.0
112019.0
113488.0
113947.0
114405.0
114859.0
115081.0
115304.0
115526.0
115748.0
116070.0
116292.0
116515.0
117073.0
117532.0
118090.0
119434.0
119878.0
120357.0
120682.0
121008.0
121334.0
121659.0
122085.0
122511.0
123182.0
123407.0
123733.0
124059.0
124385.0
125294.0
125719.0
129145.0
129963.0
130489.0
130815.0
131141.0
131250.0
131357.0
131475.0
131593.0
131711.0
131829.0
131947.0
132065.0
132183.0
132301.0
132419.0
132537.0
132655.0
132773.0
132891.0
133009.0
133127.0
133245.0
133571.0
133897.0
136223.0
136549.0
136875.0
137201.0
137527.0
137853.0
138179.0
138505.0
138831.0
139157.0
139275.0
139393.0
139511.0
139629.0
139747.0
139865.0
139983.0
140352.0
140441.0
140885.0
141094.0
141203.0
141312.0
141530.0
141639.0
142083.0
142292.0
142736.0
143594.0
143812.0
144030.0
144474.0
144583.0
145027.0
145245.0
145463.0
145681.0
145999.0
148203.0
148441.0
148550.0
148768.0
149112.0
149330.0
149548.0
149892.0
150236.0
150345.0
150563.0
150885.0
151229.0
153312.0
153530.0
153639.0
153857.0
154201.0
154312.0
154421.0
154639.0
154857.0
155179.0
155499.0
155608.0
155826.0
156160.0
156269.0
156487.0
156705.0
157049.0
157267.0
157376.0
157594.0
157812.0
158156.0
158275.0
158493.0
158711.0
159055.0
159273.0
159491.0
159709.0
159927.0
