20.0
357.0
682.0
1019.0
1344.0
1692.0
2017.0
2354.0
2680.0
3016.0
3353.0
3689.0
4026.0
4351.0
4699.0
5024.0
5350.0
5698.0
6023.0
6359.0
6696.0
7021.0
7358.0
7695.0
8020.0
8356.0
8693.0
9018.0
9355.0
9691.0
10016.0
10353.0
10690.0
11015.0
11351.0
11699.0
12024.0
12350.0
12698.0
13023.0
13359.0
13696.0
14021.0
14358.0
14695.0
15020.0
15356.0
15693.0
16029.0
16354.0
16691.0
17028.0
17353.0
17689.0
18026.0
18351.0
18699.0
19024.0
19350.0
19698.0
20027.0
20352.0
20699.0
21024.0
21350.0
21686.0
22023.0
22348.0
22685.0
23022.0
23347.0
23695.0
24020.0
24357.0
24682.0
25029.0
25355.0
25691.0
26028.0
26353.0
26690.0
27026.0
27351.0
27699.0
28024.0
28350.0
28686.0
29023.0
29348.0
29696.0
30021.0
30346.0
30695.0
31020.0
31345.0
31682.0
32029.0
32343.0
32691.0
33016.0
33353.0
33690.0
34015.0
34351.0
34688.0
35025.0
35349.0
35686.0
36023.0
36359.0
36684.0
37021.0
37346.0
37694.0
38020.0
38345.0
38693.0
39029.0
39355.0
39691.0
40024.0
40350.0
40698.0
41023.0
41371.0
41708.0
42033.0
42369.0
42718.0
43054.0
43380.0
43716.0
44053.0
44389.0
44726.0
45051.0
45399.0
45724.0
46050.0
46398.0
46723.0
47059.0
47396.0
47733.0
48058.0
48395.0
48720.0
49056.0
49393.0
49729.0
50054.0
50391.0
50728.0
51053.0
51389.0
51726.0
52051.0
52388.0
52725.0
53050.0
53398.0
53723.0
54059.0
54396.0
54721.0
55058.0
55395.0
55720.0
56056.0
56381.0
56729.0
57054.0
57380.0
57716.0
58053.0
58389.0
58726.0
59051.0
59388.0
59725.0
60024.0
60350.0
60675.0
60988.0
61290.0
61615.0
61930.0
62243.0
62557.0
62860.0
63173.0
63486.0
63801.0
64126.0
64428.0
64753.0
65078.0
65380.0
65693.0
66007.0
66320.0
66634.0
66947.0
67250.0
67575.0
67888.0
68202.0
68515.0
68829.0
69142.0
69456.0
69770.0
70083.0
70385.0
70709.0
71023.0
71336.0
71649.0
71963.0
72276.0
72590.0
72903.0
73217.0
73530.0
73844.0
74157.0
74460.0
74773.0
75087.0
75390.0
75703.0
76017.0
76330.0
76644.0
76957.0
77260.0
77573.0
77887.0
78199.0
78524.0
78838.0
79151.0
79453.0
79778.0
80020.0
80345.0
80693.0
81029.0
81378.0
81703.0
82051.0
82376.0
82724.0
83061.0
83386.0
83723.0
84059.0
84396.0
84721.0
85058.0
85395.0
85720.0
86068.0
86393.0
86729.0
87055.0
87391.0
87728.0
88065.0
88390.0
88715.0
89063.0
89388.0
89725.0
90061.0
90386.0
90723.0
91060.0
91385.0
91722.0
92058.0
92395.0
92720.0
93057.0
93393.0
93729.0
94066.0
94380.0
94716.0
95053.0
95389.0
95726.0
96063.0
96388.0
96724.0
97061.0
97386.0
97723.0
98060.0
98396.0
98721.0
99058.0
99383.0
99720.0
100024.0
100350.0
100675.0
101011.0
101359.0
101684.0
102021.0
102358.0
102683.0
103019.0
103356.0
103693.0
104018.0
104355.0
104691.0
105028.0
105353.0
105690.0
106015.0
106352.0
106688.0
107025.0
107350.0
107698.0
108023.0
108359.0
108696.0
109021.0
109358.0
109695.0
110020.0
110356.0
110693.0
111029.0
111354.0
111691.0
112016.0
112353.0
112690.0
113015.0
113351.0
113699.0
114024.0
114350.0
114686.0
115023.0
115359.0
115684.0
116021.0
116358.0
116683.0
117020.0
117356.0
117693.0
118029.0
118354.0
118691.0
119016.0
119353.0
119690.0
120023.0
120489.0
120651.0
120976.0
121000.0
121149.0
121324.0
121498.0
121660.0
121846.0
122020.0
122194.0
122345.0
122520.0
122694.0
122845.0
123030.0
123204.0
123378.0
123541.0
123715.0
123878.0
124052.0
124226.0
124400.0
124574.0
124725.0
124911.0
125085.0
125248.0
125422.0
125596.0
125769.0
125944.0
126118.0
126292.0
126454.0
126639.0
126802.0
126976.0
127150.0
127313.0
127498.0
127673.0
127847.0
128021.0
128184.0
128346.0
128520.0
128695.0
128857.0
129031.0
129205.0
129379.0
129553.0
129716.0
129889.0
130052.0
130226.0
130401.0
130575.0
130726.0
130911.0
131086.0
131248.0
131422.0
131597.0
131760.0
131922.0
132096.0
132270.0
132444.0
132607.0
140028.0
140376.0
140549.0
140758.0
140898.0
141095.0
141246.0
141443.0
141618.0
141815.0
141977.0
142175.0
142349.0
142546.0
142719.0
142917.0
143080.0
143288.0
143462.0
143648.0
143822.0
144031.0
144194.0
144391.0
144565.0
144762.0
144925.0
145122.0
145296.0
145494.0
145656.0
145854.0
146028.0
146225.0
146400.0
146574.0
146771.0
146945.0
147142.0
147305.0
147502.0
147665.0
147862.0
148036.0
148233.0
148408.0
148582.0
148779.0
148953.0
149150.0
149324.0
149498.0
149696.0
149870.0
150044.0
150241.0
150415.0
150590.0
150775.0
150973.0
151147.0
151344.0
151518.0
151704.0
151878.0
152075.0
152249.0
152447.0
152621.0
152807.0
152992.0
153000.0
