2500.0
2984.0
3468.0
3952.0
4195.0
4437.0
4680.0
4923.0
5166.0
5409.0
5652.0
5895.0
6137.0
6380.0
6623.0
6866.0
7109.0
7352.0
7595.0
7837.0
8080.0
8323.0
8566.0
8809.0
9052.0
9295.0
9537.0
9780.0
10023.0
10266.0
10509.0
10752.0
11137.0
11423.0
11615.0
12000.0
12385.0
12671.0
13255.0
13541.0
13827.0
14113.0
14399.0
14685.0
15070.0
15356.0
15642.0
15928.0
16214.0
16499.0
16785.0
17071.0
17357.0
17643.0
17929.0
18215.0
18499.0
18785.0
19071.0
19357.0
19643.0
19929.0
22686.0
23451.0
23804.0
24019.0
24130.0
24241.0
24352.0
24463.0
24574.0
24685.0
24796.0
24907.0
25019.0
25130.0
25241.0
25352.0
25473.0
25685.0
26130.0
26895.0
27241.0
27451.0
27563.0
27674.0
27785.0
27896.0
28007.0
28118.0
28229.0
28340.0
28451.0
28574.0
28785.0
29130.0
29451.0
30685.0
31130.0
31451.0
31774.0
32095.0
32419.0
32741.0
33063.0
33385.0
33697.0
34019.0
34385.0
34697.0
35019.0
35385.0
35697.0
36019.0
36385.0
36697.0
37019.0
37385.0
37697.0
38019.0
38385.0
38697.0
39019.0
39385.0
42500.0
42984.0
43468.0
43952.0
44194.0
44435.0
44677.0
44919.0
45161.0
45403.0
45645.0
45887.0
46129.0
46371.0
46613.0
46855.0
47097.0
47339.0
47581.0
47823.0
48065.0
48307.0
48549.0
48791.0
49033.0
49275.0
49517.0
49759.0
49901.0
50043.0
50185.0
50327.0
50469.0
50611.0
50753.0
50895.0
51037.0
51179.0
51321.0
51463.0
51605.0
51747.0
51889.0
52031.0
52173.0
52315.0
52457.0
52699.0
52841.0
52983.0
53125.0
53267.0
53409.0
53551.0
53713.0
53855.0
54037.0
54179.0
54321.0
54463.0
54605.0
54747.0
54889.0
55031.0
55173.0
55315.0
55457.0
55639.0
62903.0
64105.0
64707.0
65109.0
65311.0
65513.0
65715.0
66117.0
66319.0
66521.0
66723.0
66925.0
67127.0
67329.0
68668.0
69070.0
69472.0
69874.0
70276.0
70678.0
70880.0
71082.0
71284.0
71486.0
71688.0
71890.0
72092.0
72294.0
72496.0
72698.0
73100.0
73302.0
73504.0
73706.0
74008.0
74410.0
74612.0
74814.0
75016.0
75218.0
75420.0
75622.0
75824.0
76026.0
76228.0
76430.0
76632.0
76834.0
77036.0
77238.0
77640.0
78042.0
78444.0
78846.0
79248.0
79650.0
82500.0
82984.0
83468.0
83952.0
84194.0
84435.0
84677.0
84919.0
85161.0
85403.0
85645.0
85887.0
86129.0
86371.0
86613.0
86855.0
87097.0
87339.0
87581.0
87823.0
88065.0
88307.0
88549.0
88791.0
89033.0
89275.0
89517.0
89759.0
89901.0
90043.0
90185.0
90327.0
90469.0
90611.0
90753.0
90895.0
91037.0
91179.0
91321.0
91463.0
91605.0
91747.0
91889.0
92031.0
92173.0
92315.0
92457.0
92699.0
92841.0
92983.0
93125.0
93267.0
93409.0
93551.0
93713.0
93855.0
94037.0
94179.0
94321.0
94463.0
94605.0
94747.0
94889.0
95031.0
95173.0
95315.0
95457.0
95639.0
102500.0
102984.0
103468.0
103952.0
104194.0
104435.0
104677.0
104919.0
105161.0
105403.0
105645.0
105887.0
106129.0
106371.0
106613.0
106855.0
107097.0
107339.0
107581.0
108265.0
108407.0
108649.0
108891.0
109133.0
109375.0
109617.0
109859.0
110000.0
110242.0
110384.0
110626.0
110868.0
111110.0
111252.0
111394.0
111636.0
111778.0
112020.0
112162.0
112404.0
112546.0
112788.0
113030.0
114272.0
114414.0
114656.0
114898.0
115140.0
115282.0
115424.0
115566.0
115808.0
116050.0
116292.0
116434.0
116576.0
116818.0
117060.0
117302.0
117444.0
117586.0
117828.0
118070.0
118312.0
118454.0
118596.0
118838.0
119080.0
122500.0
122984.0
123468.0
123952.0
124194.0
124435.0
124677.0
124919.0
125161.0
125403.0
125645.0
125887.0
126129.0
126371.0
126613.0
126855.0
127097.0
127339.0
127581.0
127823.0
128065.0
128307.0
128549.0
128791.0
129033.0
129275.0
129517.0
129759.0
129901.0
130043.0
130185.0
130327.0
130469.0
130611.0
130753.0
130895.0
131037.0
131179.0
131321.0
131463.0
131605.0
131747.0
131889.0
132031.0
132173.0
132315.0
132457.0
132699.0
132841.0
132983.0
133125.0
133267.0
133409.0
133551.0
133713.0
133855.0
134017.0
134159.0
134301.0
134443.0
134585.0
134727.0
134869.0
135011.0
135153.0
135295.0
135437.0
135579.0
140286.0
140714.0
141286.0
145714.0
146286.0
146714.0
147143.0
147286.0
147429.0
147571.0
147714.0
148000.0
148143.0
148286.0
148429.0
148571.0
148714.0
149143.0
149429.0
149714.0
