459.0
682.0
1397.0
1620.0
2133.0
2356.0
2579.0
2802.0
3025.0
3248.0
3471.0
3705.0
3928.0
4162.0
4385.0
4608.0
4831.0
5054.0
5277.0
5501.0
5724.0
5946.0
6662.0
7175.0
7398.0
10000.0
10223.0
10446.0
10669.0
10892.0
11115.0
11338.0
11561.0
11784.0
12007.0
12230.0
12453.0
12676.0
12899.0
13122.0
13345.0
13568.0
13791.0
14014.0
14237.0
14460.0
14683.0
15196.0
15709.0
16222.0
16836.0
17349.0
17572.0
17795.0
18018.0
18241.0
18464.0
18687.0
20300.0
20400.0
20600.0
21200.0
21800.0
22000.0
22200.0
22400.0
22600.0
22800.0
23000.0
23200.0
23400.0
23600.0
23800.0
24000.0
24200.0
24400.0
24600.0
24800.0
25000.0
25200.0
25400.0
25600.0
25800.0
26000.0
26200.0
26400.0
28800.0
29700.0
30000.0
30200.0
30400.0
30600.0
30800.0
31000.0
31200.0
31400.0
31600.0
31800.0
32000.0
32200.0
32400.0
32600.0
32800.0
33000.0
33200.0
33400.0
33600.0
33800.0
34000.0
34200.0
34400.0
34600.0
34800.0
35000.0
35200.0
35400.0
35600.0
35800.0
36000.0
36200.0
36400.0
36600.0
36800.0
37000.0
37200.0
37400.0
37600.0
37800.0
38000.0
38200.0
38400.0
38600.0
38800.0
39000.0
39200.0
39400.0
39600.0
39800.0
40300.0
40400.0
40600.0
41200.0
41400.0
41800.0
42000.0
42200.0
42400.0
42600.0
42800.0
43000.0
43200.0
43600.0
45200.0
45400.0
45600.0
45800.0
46000.0
46200.0
46400.0
46600.0
46800.0
47000.0
47200.0
47400.0
47600.0
47800.0
48000.0
48400.0
50800.0
51200.0
51400.0
51600.0
51800.0
52000.0
52400.0
52600.0
52800.0
53000.0
53200.0
53400.0
53600.0
53800.0
54000.0
54200.0
54400.0
54800.0
55200.0
55400.0
55600.0
55800.0
56000.0
56200.0
56400.0
56600.0
56800.0
57000.0
57200.0
57400.0
57600.0
57800.0
58000.0
58400.0
59200.0
59400.0
59600.0
59800.0
60300.0
60400.0
60600.0
61200.0
61400.0
61800.0
62000.0
62400.0
62600.0
62800.0
63000.0
63200.0
63400.0
63500.0
63600.0
64100.0
64600.0
65200.0
65800.0
66400.0
66600.0
67100.0
68000.0
68400.0
70000.0
70400.0
70600.0
70800.0
71000.0
71200.0
71300.0
71600.0
72200.0
72800.0
73400.0
73600.0
73800.0
73900.0
74000.0
74400.0
74800.0
75000.0
75200.0
75600.0
76200.0
76800.0
77400.0
77800.0
78000.0
78400.0
78600.0
78800.0
79200.0
79600.0
80000.0
80286.0
80571.0
80857.0
81143.0
81429.0
81714.0
82143.0
82857.0
83714.0
84571.0
85714.0
88571.0
89286.0
89714.0
89857.0
90000.0
90071.0
90143.0
90143.0
90143.0
90143.0
90143.0
90143.0
90143.0
90143.0
90143.0
90143.0
90143.0
90143.0
90143.0
90143.0
90143.0
90143.0
90571.0
93571.0
93857.0
94286.0
94714.0
95286.0
95714.0
95857.0
96000.0
96071.0
96071.0
96071.0
96071.0
96071.0
96071.0
96071.0
96071.0
96071.0
96071.0
96071.0
96071.0
96071.0
96071.0
96071.0
96071.0
96071.0
96071.0
96357.0
96857.0
97429.0
98143.0
98571.0
98857.0
102914.0
103786.0
104018.0
104180.0
104342.0
104504.0
104666.0
104828.0
105060.0
105302.0
105544.0
105886.0
106228.0
109180.0
109422.0
109666.0
109828.0
110070.0
110312.0
110554.0
110618.0
110860.0
111102.0
111344.0
111586.0
111748.0
111999.0
112342.0
112584.0
112748.0
113000.0
113248.0
113401.0
113563.0
113627.0
113790.0
113952.0
114118.0
114280.0
114442.0
114600.0
114763.0
114925.0
116538.0
116881.0
117223.0
117566.0
117808.0
118050.0
118211.0
118374.0
118538.0
118780.0
118942.0
119194.0
119357.0
119519.0
119681.0
119844.0
119999.0
120000.0
120200.0
120400.0
120600.0
120800.0
121000.0
121200.0
121400.0
121600.0
122000.0
122400.0
122600.0
122800.0
123000.0
123200.0
123600.0
123700.0
123900.0
124300.0
124500.0
124600.0
125200.0
125400.0
125600.0
125800.0
126000.0
126400.0
126600.0
126800.0
126900.0
127100.0
127500.0
127600.0
127800.0
128000.0
128400.0
128600.0
130000.0
130200.0
130400.0
130600.0
130800.0
131000.0
131200.0
131400.0
131600.0
131800.0
132000.0
132200.0
132400.0
132600.0
132800.0
133000.0
133200.0
133400.0
133600.0
133800.0
134000.0
134200.0
134400.0
134600.0
134800.0
135000.0
135200.0
135400.0
135600.0
135800.0
136000.0
136200.0
136400.0
136600.0
136800.0
137000.0
137200.0
137400.0
137600.0
137800.0
138000.0
138200.0
138400.0
138600.0
138800.0
139000.0
139200.0
139400.0
139600.0
139800.0
139966.0
