2500.0
2984.0
3468.0
3952.0
4195.0
4437.0
4680.0
4923.0
5166.0
5409.0
5652.0
5895.0
6137.0
6380.0
6623.0
6866.0
7109.0
7352.0
8500.0
8974.0
9458.0
9942.0
10000.0
10374.0
10516.0
10659.0
10802.0
10945.0
11088.0
11231.0
11374.0
11516.0
11659.0
11802.0
12045.0
12188.0
12331.0
14474.0
14958.0
15442.0
15926.0
16169.0
16312.0
16455.0
16598.0
16741.0
16884.0
17026.0
17169.0
17312.0
17455.0
17698.0
18000.0
18374.0
18516.0
18659.0
18802.0
19045.0
19188.0
19331.0
19474.0
19616.0
19759.0
19902.0
22903.0
23871.0
24839.0
25806.0
26774.0
27016.0
27742.0
28710.0
29677.0
30645.0
31129.0
31613.0
31855.0
32097.0
32339.0
32581.0
32823.0
33065.0
33306.0
33548.0
33790.0
34032.0
34274.0
34516.0
34758.0
35000.0
35242.0
35484.0
35726.0
35968.0
36210.0
36694.0
37177.0
41000.0
42500.0
42984.0
43468.0
43952.0
44194.0
44435.0
44677.0
44919.0
45161.0
45403.0
45645.0
45887.0
46129.0
46371.0
46613.0
46855.0
47097.0
47339.0
47581.0
47823.0
48065.0
48307.0
48549.0
48791.0
49033.0
49275.0
49517.0
49759.0
49901.0
50043.0
50185.0
50327.0
50469.0
50611.0
50753.0
50895.0
51037.0
51179.0
51321.0
51463.0
51605.0
51747.0
51889.0
52031.0
52173.0
52315.0
52457.0
52699.0
52841.0
52983.0
53125.0
53267.0
53409.0
53551.0
53713.0
53855.0
54037.0
54118.0
54500.0
54984.0
55468.0
55952.0
56194.0
56435.0
56677.0
56919.0
57161.0
57403.0
60300.0
60400.0
60600.0
60800.0
61000.0
61200.0
61400.0
61600.0
61800.0
62000.0
62200.0
62400.0
62600.0
62800.0
63000.0
63200.0
63400.0
63600.0
63800.0
64000.0
65000.0
65200.0
65400.0
65600.0
65800.0
66000.0
66200.0
66400.0
66600.0
66800.0
67000.0
67200.0
67400.0
67600.0
67800.0
68000.0
68200.0
68400.0
68600.0
68800.0
69000.0
69200.0
69400.0
69600.0
69800.0
70000.0
70200.0
70400.0
70600.0
70800.0
71000.0
71200.0
71400.0
71600.0
71800.0
72000.0
72200.0
72400.0
72600.0
72800.0
73000.0
73200.0
73400.0
73600.0
73800.0
74000.0
74200.0
74400.0
74600.0
74800.0
75000.0
75200.0
75400.0
75600.0
75800.0
76000.0
76200.0
76400.0
76600.0
76800.0
77000.0
77200.0
77400.0
77600.0
77800.0
78000.0
78200.0
78400.0
78600.0
78800.0
79000.0
79200.0
79400.0
80000.0
80200.0
80400.0
80600.0
80800.0
81000.0
81200.0
81400.0
81600.0
82000.0
82600.0
82800.0
83000.0
83200.0
83600.0
83800.0
84300.0
84400.0
84600.0
85200.0
85400.0
85600.0
85800.0
85900.0
86100.0
86200.0
86500.0
86600.0
86800.0
87000.0
87200.0
87400.0
87600.0
88000.0
88200.0
88400.0
88600.0
90000.0
90400.0
90600.0
90800.0
90900.0
91100.0
91200.0
91400.0
91500.0
91600.0
91800.0
92000.0
92400.0
92600.0
92800.0
93000.0
93200.0
93600.0
93800.0
94000.0
94200.0
94400.0
94800.0
95000.0
95200.0
95400.0
95600.0
95800.0
95900.0
96100.0
96200.0
96500.0
96600.0
96800.0
97000.0
97200.0
97400.0
97600.0
97800.0
97900.0
98100.0
98200.0
98400.0
98600.0
98800.0
99200.0
99600.0
102600.0
103000.0
103200.0
103400.0
103600.0
103800.0
104000.0
104200.0
104300.0
104400.0
104500.0
104600.0
104800.0
105000.0
105200.0
105400.0
105600.0
105800.0
106000.0
106200.0
106400.0
106600.0
106800.0
107000.0
107200.0
107400.0
107600.0
108000.0
108200.0
108400.0
108600.0
109800.0
110000.0
110200.0
110400.0
110600.0
110800.0
111000.0
111200.0
111400.0
111600.0
111800.0
112000.0
112200.0
112400.0
112600.0
112800.0
113000.0
113200.0
113400.0
113600.0
113800.0
114000.0
114200.0
114400.0
114600.0
114800.0
115000.0
115200.0
115400.0
115600.0
115800.0
116000.0
116200.0
116400.0
116600.0
116800.0
117000.0
117200.0
117400.0
117600.0
117800.0
118000.0
118200.0
118400.0
118600.0
118800.0
119000.0
119200.0
119400.0
119600.0
119800.0
120000.0
120200.0
120400.0
120600.0
120800.0
121000.0
121200.0
121400.0
121600.0
122000.0
122600.0
122700.0
122800.0
123000.0
123200.0
123600.0
123800.0
124300.0
124400.0
124600.0
