352.0
441.0
814.0
5186.0
5275.0
5648.0
5920.0
6554.0
7026.0
7308.0
7590.0
7963.0
8335.0
8424.0
8897.0
9269.0
9359.0
9731.0
9820.0
10192.0
10281.0
10441.0
10575.0
10664.0
10936.0
11308.0
11580.0
11952.0
12041.0
12413.0
12695.0
13067.0
13439.0
13811.0
13899.0
14271.0
14431.0
14803.0
15175.0
18298.0
18770.0
19142.0
19413.0
19886.0
20357.0
20682.0
21008.0
21334.0
21659.0
22085.0
22511.0
23182.0
23407.0
23733.0
24059.0
24385.0
24811.0
25237.0
32237.0
32563.0
33134.0
33460.0
33785.0
34111.0
34291.0
34471.0
34659.0
34839.0
35019.0
35199.0
35379.0
35559.0
35739.0
35919.0
36099.0
36279.0
36459.0
36639.0
36819.0
37145.0
37471.0
37659.0
37839.0
38019.0
38199.0
38379.0
38559.0
38739.0
38919.0
39099.0
39279.0
39459.0
39639.0
39819.0
39999.0
40353.0
40706.0
42188.0
42541.0
42894.0
43247.0
43599.0
43952.0
44067.0
44188.0
44432.0
44785.0
45576.0
46158.0
46411.0
46664.0
46916.0
47169.0
47522.0
47875.0
48228.0
48581.0
48934.0
49285.0
49638.0
50000.0
50353.0
50606.0
50859.0
51111.0
51364.0
51616.0
51869.0
52228.0
52471.0
52682.0
53035.0
53388.0
53641.0
53853.0
54067.0
54411.0
54664.0
54916.0
55169.0
55422.0
55675.0
55928.0
56188.0
56432.0
56641.0
56859.0
56974.0
57089.0
57204.0
57319.0
57434.0
57549.0
57664.0
57779.0
57894.0
58000.0
58009.0
58124.0
58239.0
58353.0
58468.0
58582.0
60353.0
60706.0
62188.0
62541.0
62904.0
63257.0
63610.0
63963.0
64096.0
64229.0
64362.0
64495.0
64628.0
64761.0
64894.0
65027.0
65160.0
65293.0
65426.0
65559.0
65792.0
66670.0
67152.0
67634.0
68116.0
68598.0
69080.0
69562.0
69805.0
70048.0
70291.0
70424.0
70557.0
70690.0
70823.0
71066.0
71299.0
72476.0
73353.0
73835.0
74317.0
74799.0
75281.0
75763.0
76245.0
76488.0
76731.0
77213.0
77695.0
78177.0
78759.0
78902.0
79035.0
79168.0
79301.0
80236.0
80473.0
80710.0
81286.0
85129.0
85515.0
85752.0
86089.0
86426.0
86902.0
87378.0
87854.0
88330.0
88806.0
89282.0
89759.0
90235.0
90621.0
91197.0
91673.0
92149.0
93495.0
93971.0
94447.0
94923.0
95400.0
95876.0
96352.0
96828.0
97304.0
97780.0
98256.0
98732.0
99208.0
99684.0
102900.0
103400.0
103800.0
104200.0
104600.0
105000.0
105400.0
105800.0
106200.0
106600.0
107000.0
107400.0
107800.0
108200.0
108600.0
109000.0
109400.0
109800.0
110000.0
110200.0
110400.0
110600.0
110800.0
111000.0
111100.0
111200.0
111300.0
111400.0
111500.0
111600.0
111700.0
111800.0
111900.0
112000.0
112100.0
112200.0
112300.0
112400.0
112500.0
112600.0
112700.0
112800.0
112900.0
113000.0
113300.0
113700.0
114100.0
114500.0
114900.0
115300.0
115500.0
115600.0
115700.0
115800.0
115900.0
116000.0
116100.0
116200.0
116300.0
116400.0
116500.0
116600.0
116700.0
116800.0
116900.0
117000.0
117400.0
117800.0
118200.0
118600.0
119000.0
119400.0
119800.0
119900.0
120000.0
120074.0
120200.0
120285.0
120400.0
120574.0
120600.0
120719.0
120800.0
121000.0
121000.0
121200.0
121285.0
121400.0
121429.0
121574.0
121600.0
121719.0
122000.0
122000.0
122300.0
122325.0
122400.0
122469.0
122600.0
122614.0
122750.0
122800.0
122995.0
123000.0
123200.0
123285.0
123600.0
123700.0
123740.0
123884.0
123900.0
124000.0
124200.0
124269.0
124400.0
124600.0
125000.0
125200.0
125600.0
125800.0
126000.0
126200.0
126400.0
126600.0
126800.0
127000.0
127200.0
127400.0
127600.0
128000.0
128214.0
128400.0
128530.0
128600.0
128774.0
128800.0
129000.0
129200.0
129400.0
129529.0
129600.0
129800.0
130084.0
130319.0
130564.0
130809.0
131054.0
131399.0
131543.0
131688.0
131832.0
132077.0
132222.0
132367.0
