20.0
368.0
577.0
798.0
995.0
1216.0
1436.0
1634.0
1854.0
2052.0
2272.0
2470.0
2690.0
2899.0
3108.0
3317.0
3538.0
3747.0
3956.0
4176.0
4374.0
4594.0
4803.0
5024.0
5233.0
5442.0
5651.0
5860.0
6079.0
6288.0
6497.0
6706.0
6927.0
7136.0
7345.0
7554.0
7763.0
7972.0
8181.0
8390.0
8609.0
8818.0
9027.0
9236.0
9457.0
9666.0
9875.0
10084.0
10293.0
10502.0
10722.0
10931.0
11140.0
11359.0
11568.0
11777.0
11986.0
12195.0
12404.0
12625.0
12834.0
13043.0
13252.0
13460.0
13670.0
13889.0
14098.0
14307.0
14528.0
14737.0
14946.0
20020.0
20379.0
20681.0
20855.0
21146.0
21459.0
21796.0
22144.0
22458.0
22783.0
23143.0
23468.0
23793.0
24130.0
24466.0
24791.0
25140.0
25465.0
25790.0
26149.0
26475.0
26799.0
27159.0
27472.0
27797.0
28157.0
28471.0
28796.0
29144.0
29470.0
29795.0
30143.0
30480.0
30793.0
31142.0
31489.0
31838.0
32140.0
32476.0
32836.0
33150.0
33486.0
33835.0
34160.0
34485.0
34833.0
35158.0
35483.0
35820.0
36157.0
36482.0
36829.0
37155.0
37491.0
37839.0
38164.0
38490.0
38838.0
39151.0
39499.0
39836.0
40020.0
40379.0
40588.0
40693.0
40913.0
41041.0
41250.0
41343.0
41587.0
41703.0
41912.0
42016.0
42259.0
42376.0
42585.0
42690.0
42910.0
43038.0
43258.0
43374.0
43583.0
43699.0
43919.0
44047.0
44256.0
44372.0
44593.0
44709.0
44918.0
45034.0
45255.0
45382.0
45591.0
45708.0
45917.0
46033.0
46253.0
46381.0
46590.0
46706.0
46915.0
47031.0
47252.0
47380.0
47599.0
47703.0
47912.0
48039.0
48259.0
48387.0
48596.0
48701.0
48910.0
49037.0
49258.0
49385.0
49594.0
49700.0
49919.0
50035.0
50256.0
50383.0
50592.0
50708.0
50917.0
51033.0
51254.0
51382.0
51591.0
51707.0
51916.0
52000.0
52032.0
60020.0
60392.0
60752.0
61146.0
61529.0
61890.0
62273.0
62645.0
63005.0
63388.0
63771.0
64143.0
64515.0
64887.0
65270.0
65653.0
66025.0
66397.0
66770.0
67141.0
67514.0
67897.0
68270.0
68642.0
69025.0
69385.0
69768.0
70140.0
70512.0
70884.0
71268.0
71640.0
72023.0
72395.0
72767.0
73140.0
73512.0
73884.0
74256.0
74640.0
75000.0
75394.0
75766.0
76149.0
76521.0
76893.0
77265.0
77648.0
78020.0
78392.0
78764.0
79148.0
79519.0
79891.0
79959.0
80020.0
80368.0
80741.0
81114.0
81450.0
81845.0
82218.0
82590.0
82950.0
83322.0
83682.0
84065.0
84425.0
84785.0
85168.0
85539.0
85901.0
86261.0
86621.0
86993.0
87376.0
87724.0
88119.0
88491.0
88840.0
89234.0
89594.0
89954.0
90337.0
90709.0
91070.0
91441.0
91813.0
92173.0
92545.0
92905.0
93277.0
93637.0
94010.0
94369.0
94753.0
95113.0
95485.0
95845.0
96228.0
96588.0
96960.0
97320.0
97692.0
98064.0
98424.0
98784.0
99156.0
99516.0
99899.0
100020.0
100357.0
100682.0
101019.0
101344.0
101692.0
102029.0
102342.0
102691.0
103027.0
103341.0
103689.0
104026.0
104351.0
104688.0
105024.0
105350.0
105698.0
106023.0
106348.0
106685.0
107022.0
107358.0
107695.0
108020.0
108357.0
108693.0
109019.0
109355.0
109680.0
110017.0
110353.0
110689.0
111026.0
111351.0
111688.0
112025.0
112350.0
112698.0
113023.0
113359.0
113685.0
114021.0
114358.0
114695.0
115020.0
115345.0
115693.0
116029.0
116355.0
116691.0
117017.0
117353.0
117689.0
118026.0
118351.0
118699.0
119024.0
119350.0
119686.0
120020.0
120357.0
120694.0
120856.0
121170.0
121495.0
121773.0
122133.0
122470.0
122783.0
123120.0
123445.0
123782.0
124129.0
124443.0
124791.0
125116.0
125441.0
125790.0
126138.0
126463.0
126799.0
127136.0
127473.0
127810.0
128135.0
128483.0
128808.0
129133.0
129482.0
129807.0
130132.0
130492.0
130805.0
131142.0
131489.0
131826.0
132163.0
132488.0
132825.0
133162.0
133487.0
133824.0
134150.0
134497.0
134822.0
135159.0
135484.0
135821.0
136146.0
136494.0
136820.0
137156.0
137493.0
137829.0
138166.0
138491.0
138816.0
139153.0
139489.0
