0.0
286.0
571.0
857.0
1143.0
1429.0
1714.0
2143.0
2429.0
2714.0
3000.0
3286.0
3571.0
3857.0
4000.0
4143.0
4290.0
4432.0
4571.0
4714.0
5143.0
5429.0
5714.0
5857.0
6000.0
6286.0
6571.0
6857.0
7143.0
7429.0
7714.0
8143.0
8429.0
8571.0
8714.0
8857.0
9000.0
9143.0
9290.0
9432.0
9571.0
9714.0
9857.0
10000.0
10286.0
10571.0
10857.0
12000.0
13357.0
13714.0
13857.0
14000.0
14143.0
14290.0
14432.0
14571.0
14714.0
14857.0
15000.0
15143.0
15286.0
15571.0
15857.0
16286.0
18571.0
20352.0
20441.0
20885.0
21066.0
21247.0
21691.0
21872.0
22316.0
22659.0
22901.0
23082.0
23526.0
23607.0
23788.0
24232.0
24312.0
24655.0
24736.0
25179.0
26513.0
27179.0
28298.0
28742.0
29286.0
29467.0
29648.0
29829.0
30010.0
30191.0
30372.0
30553.0
30997.0
32885.0
33429.0
34205.0
34742.0
35519.0
35862.0
36205.0
36648.0
37101.0
38082.0
38526.0
39066.0
39409.0
39853.0
40329.0
40478.0
40628.0
40777.0
40927.0
41076.0
41226.0
41375.0
41525.0
41674.0
41824.0
41973.0
42123.0
42272.0
42422.0
42571.0
42721.0
42870.0
42985.0
43135.0
43284.0
43434.0
43583.0
43733.0
43882.0
44032.0
44181.0
44331.0
44480.0
44629.0
44778.0
45928.0
46077.0
46227.0
46376.0
46526.0
46675.0
46925.0
47074.0
47224.0
47373.0
47523.0
47870.0
48920.0
49069.0
49219.0
49368.0
49518.0
49667.0
50167.0
50316.0
50466.0
50615.0
50765.0
50914.0
51064.0
51213.0
51569.0
51719.0
51868.0
52018.0
52167.0
52317.0
52466.0
52616.0
52964.0
53115.0
53265.0
53414.0
53564.0
53710.0
60323.0
60471.0
60619.0
60767.0
61290.0
64136.0
64558.0
64706.0
64854.0
64982.0
65136.0
65284.0
65432.0
65580.0
65728.0
65876.0
66024.0
66172.0
66323.0
66471.0
66619.0
66767.0
66916.0
67064.0
67820.0
68172.0
68854.0
69206.0
69739.0
69982.0
80329.0
80478.0
80628.0
80777.0
80927.0
81076.0
81226.0
81375.0
81525.0
81674.0
81824.0
81973.0
82123.0
82272.0
82422.0
82571.0
82721.0
82870.0
83019.0
83419.0
83568.0
83848.0
84098.0
84247.0
84407.0
84687.0
84846.0
85006.0
85286.0
85445.0
85605.0
85765.0
85924.0
86084.0
86244.0
86744.0
87244.0
87998.0
88158.0
88317.0
88477.0
88636.0
88796.0
88955.0
89115.0
89274.0
89434.0
89594.0
89753.0
89913.0
90073.0
90232.0
90392.0
90552.0
90711.0
90871.0
91031.0
91190.0
91349.0
91509.0
91669.0
91828.0
92228.0
92388.0
92547.0
92707.0
92867.0
93026.0
93186.0
93345.0
93500.0
100357.0
100682.0
101008.0
101334.0
101659.0
102085.0
102511.0
103182.0
103407.0
103733.0
104059.0
104385.0
104711.0
105037.0
105363.0
105689.0
106015.0
106341.0
106667.0
107239.0
108511.0
108837.0
109163.0
109489.0
109815.0
110141.0
110467.0
110793.0
111119.0
111445.0
111771.0
112129.0
113103.0
114419.0
114745.0
115071.0
115397.0
115723.0
116049.0
116375.0
116701.0
117027.0
120357.0
120682.0
121008.0
121334.0
121659.0
122085.0
122511.0
123182.0
123407.0
123733.0
124059.0
124385.0
125294.0
125719.0
129145.0
129962.0
130880.0
131898.0
132817.0
133735.0
134653.0
135571.0
136489.0
137407.0
138325.0
140327.0
140449.0
140671.0
140893.0
141015.0
141237.0
141517.0
144039.0
144596.0
144718.0
144840.0
144962.0
145084.0
145206.0
145328.0
145450.0
145572.0
145694.0
145816.0
145938.0
146060.0
146182.0
146304.0
146426.0
146548.0
146670.0
146892.0
147359.0
147916.0
148038.0
148160.0
148282.0
148404.0
148526.0
148648.0
148770.0
148892.0
149014.0
149136.0
149596.0
150154.0
150712.0
151270.0
151729.0
152287.0
152746.0
153204.0
153326.0
153448.0
153570.0
153692.0
153814.0
153936.0
154058.0
154180.0
154302.0
154424.0
154546.0
154668.0
154790.0
154912.0
155034.0
155156.0
155278.0
155400.0
155522.0
155644.0
155766.0
155888.0
156010.0
156470.0
160000.0
160359.0
162804.0
163160.0
163515.0
163871.0
164226.0
164582.0
164937.0
165293.0
165649.0
166005.0
166361.0
166699.0
167055.0
167411.0
167767.0
168123.0
168479.0
168835.0
169191.0
169547.0
170000.0
170445.0
170791.0
171147.0
171493.0
171849.0
172205.0
172561.0
172917.0
173273.0
173629.0
173871.0
174226.0
174582.0
174937.0
175293.0
175649.0
176005.0
176361.0
176699.0
177055.0
177411.0
177767.0
178123.0
178479.0
178835.0
179191.0
179547.0
179893.0
