23.0
476.0
952.0
1000.0
1428.0
1881.0
2368.0
2844.0
3320.0
3784.0
4260.0
4736.0
5212.0
5677.0
6152.0
6628.0
7104.0
7579.0
8055.0
8531.0
9008.0
9472.0
9959.0
10422.0
10898.0
11374.0
11861.0
12326.0
12791.0
13278.0
13742.0
14229.0
14694.0
15170.0
15646.0
16122.0
16586.0
17062.0
17549.0
18013.0
18499.0
18975.0
19451.0
19926.0
19984.0
19984.0
19984.0
19984.0
19984.0
19984.0
19984.0
19984.0
19984.0
19984.0
19984.0
19984.0
19984.0
19984.0
19984.0
19984.0
19984.0
19984.0
19984.0
19984.0
19984.0
19984.0
19984.0
19984.0
20020.0
20379.0
20584.0
20765.0
21095.0
21393.0
21683.0
21985.0
22305.0
22595.0
22885.0
23195.0
23485.0
23787.0
24088.0
24399.0
24699.0
24999.0
25319.0
25609.0
25888.0
26208.0
26528.0
26829.0
27120.0
27421.0
27723.0
27991.0
28311.0
28621.0
28923.0
29224.0
29525.0
29827.0
30105.0
30407.0
30708.0
31019.0
31309.0
31609.0
31919.0
32219.0
32519.0
32829.0
33119.0
33429.0
33720.0
34021.0
34320.0
34621.0
34923.0
35224.0
35525.0
35827.0
36117.0
36427.0
36728.0
37029.0
37319.0
37629.0
37920.0
38221.0
38523.0
38824.0
39125.0
39427.0
39728.0
40020.0
40379.0
40681.0
40855.0
41041.0
41192.0
41390.0
41552.0
41726.0
41899.0
42085.0
42248.0
42445.0
42608.0
42793.0
42956.0
43142.0
43304.0
43478.0
43652.0
43826.0
43999.0
44174.0
44348.0
44534.0
44696.0
44870.0
45045.0
45220.0
45382.0
45568.0
45730.0
45893.0
46067.0
46241.0
46404.0
46578.0
46752.0
46926.0
47099.0
47274.0
47448.0
47622.0
47785.0
47959.0
48133.0
48307.0
48481.0
48644.0
48829.0
48992.0
49166.0
49340.0
49514.0
49677.0
49851.0
50025.0
50188.0
50362.0
50536.0
50710.0
50884.0
51047.0
51221.0
51395.0
51558.0
51743.0
51906.0
52080.0
52254.0
52417.0
52591.0
60020.0
60357.0
60682.0
61042.0
61390.0
61738.0
62098.0
62458.0
62795.0
63155.0
63515.0
63875.0
64223.0
64583.0
64920.0
65280.0
65616.0
65976.0
66324.0
66684.0
66998.0
67370.0
67729.0
68078.0
68438.0
68786.0
69146.0
69483.0
69831.0
70191.0
70539.0
70887.0
71236.0
71584.0
71932.0
72280.0
72629.0
72977.0
73325.0
73674.0
74022.0
74370.0
74718.0
75067.0
75427.0
75775.0
76123.0
76472.0
76820.0
77157.0
77517.0
77865.0
78213.0
78562.0
78910.0
79258.0
79607.0
79955.0
80275.0
80484.0
80693.0
80902.0
81122.0
81320.0
81517.0
81726.0
81935.0
82144.0
82353.0
82550.0
82771.0
82979.0
83188.0
83386.0
83606.0
83815.0
84024.0
84233.0
84442.0
84651.0
84860.0
85069.0
85278.0
85487.0
85696.0
85905.0
86114.0
86323.0
86532.0
86741.0
86950.0
87159.0
87368.0
87577.0
87786.0
87995.0
88204.0
88413.0
88622.0
88831.0
89039.0
89248.0
89457.0
89666.0
89875.0
90084.0
90293.0
90502.0
90711.0
90919.0
91128.0
91337.0
91546.0
91755.0
91964.0
92173.0
92382.0
92591.0
92799.0
92997.0
93217.0
93426.0
93635.0
93844.0
94000.0
94053.0
94262.0
94471.0
94679.0
100020.0
100391.0
100751.0
101146.0
101529.0
101890.0
102285.0
102656.0
103039.0
103422.0
103794.0
104177.0
104550.0
104921.0
105293.0
105665.0
106036.0
106408.0
106791.0
107163.0
107535.0
107906.0
108278.0
108661.0
109033.0
109405.0
109776.0
110148.0
110531.0
110903.0
111274.0
111658.0
112030.0
112390.0
112773.0
113144.0
113516.0
113888.0
114260.0
114643.0
115015.0
115386.0
115758.0
116141.0
116513.0
116884.0
117268.0
117640.0
118011.0
118395.0
118766.0
119149.0
119521.0
119892.0
119973.0
120279.0
120534.0
120801.0
121068.0
121324.0
121580.0
121823.0
122090.0
122346.0
122590.0
122845.0
123112.0
123356.0
123623.0
123878.0
124134.0
124390.0
124645.0
124890.0
125145.0
125412.0
125656.0
125911.0
126167.0
126434.0
126689.0
126945.0
127188.0
127455.0
127711.0
127966.0
128222.0
128465.0
128721.0
128976.0
129232.0
129487.0
129743.0
130009.0
130265.0
130520.0
130776.0
131031.0
131287.0
131554.0
131809.0
132065.0
132320.0
132576.0
132831.0
133087.0
133342.0
133598.0
133853.0
134109.0
134364.0
134619.0
134875.0
135130.0
135386.0
135641.0
135896.0
136152.0
136407.0
136663.0
136918.0
137174.0
137417.0
137673.0
137939.0
140256.0
140499.0
140732.0
141010.0
141254.0
141486.0
141742.0
141986.0
142253.0
142485.0
142741.0
142984.0
143252.0
143495.0
143739.0
143983.0
144250.0
144494.0
144749.0
144981.0
145248.0
145492.0
145748.0
145991.0
146258.0
146491.0
146746.0
146990.0
147257.0
147490.0
147745.0
147990.0
148257.0
148490.0
148733.0
148989.0
149256.0
149499.0
149743.0
149999.0
150254.0
150498.0
150742.0
151009.0
151253.0
151485.0
151741.0
151984.0
152251.0
152495.0
152740.0
152983.0
153250.0
153483.0
153749.0
153993.0
154259.0
154492.0
154747.0
155003.0
155258.0
155490.0
155746.0
155990.0
156257.0
156489.0
156744.0
157000.0
157000.0
157255.0
157487.0
160020.0
160368.0
160577.0
160798.0
161146.0
161355.0
161576.0
161924.0
162133.0
162354.0
162690.0
162909.0
163130.0
163350.0
163569.0
163790.0
164009.0
164218.0
164440.0
164659.0
164879.0
165100.0
165319.0
165539.0
165759.0
165979.0
166199.0
166419.0
166628.0
166849.0
167058.0
167279.0
167488.0
167708.0
167929.0
168149.0
168358.0
168567.0
168799.0
169019.0
169228.0
169437.0
169658.0
169878.0
170099.0
170319.0
170528.0
170749.0
170958.0
171178.0
171399.0
171608.0
171828.0
172049.0
172269.0
172478.0
172687.0
172908.0
173128.0
173349.0
173558.0
173778.0
174115.0
174336.0
174556.0
174777.0
174986.0
175000.0
175206.0
175415.0
175636.0
