323.0
478.0
634.0
789.0
1215.0
1542.0
2164.0
2320.0
2375.0
2431.0
2687.0
2742.0
2898.0
2953.0
3109.0
3425.0
3851.0
3906.0
4062.0
4117.0
4433.0
4859.0
6579.0
6905.0
7231.0
7387.0
7442.0
7698.0
7954.0
8270.0
10646.0
11072.0
11328.0
11854.0
12280.0
12706.0
13132.0
13388.0
13443.0
13699.0
13955.0
14211.0
14367.0
14623.0
15049.0
15475.0
15631.0
15787.0
15943.0
16199.0
16355.0
16511.0
16667.0
16823.0
16979.0
17235.0
17391.0
17547.0
17703.0
17859.0
18015.0
18171.0
18327.0
18483.0
18639.0
18955.0
19381.0
20357.0
20812.0
29143.0
29588.0
29689.0
30034.0
30125.0
30216.0
30307.0
30398.0
30489.0
30580.0
30671.0
30762.0
30853.0
31198.0
31289.0
31480.0
31571.0
31662.0
31753.0
31844.0
31935.0
32026.0
32117.0
32208.0
32398.0
32744.0
32926.0
33162.0
33408.0
33653.0
33835.0
34081.0
34327.0
34573.0
34819.0
35065.0
35311.0
35557.0
35803.0
36049.0
36295.0
36541.0
36787.0
37033.0
37279.0
37525.0
37871.0
38217.0
38563.0
38809.0
39055.0
39301.0
39482.0
39663.0
39844.0
39935.0
40026.0
40117.0
40208.0
40357.0
40398.0
40589.0
40779.0
40811.0
40871.0
44475.0
44839.0
45101.0
45185.0
45324.0
45547.0
45639.0
45770.0
46022.0
46094.0
46245.0
46468.0
46548.0
46691.0
46914.0
47002.0
47137.0
47360.0
47456.0
47583.0
47806.0
47910.0
48029.0
48252.0
48364.0
48475.0
48727.0
48818.0
49271.0
49273.0
49725.0
49727.0
50179.0
50182.0
50633.0
50636.0
51087.0
51091.0
51541.0
51545.0
52000.0
52095.0
52454.0
52549.0
52908.0
53003.0
53363.0
53457.0
53817.0
53911.0
54272.0
54365.0
54726.0
54819.0
55000.0
55181.0
55635.0
56089.0
56543.0
57000.0
57454.0
57908.0
58363.0
58817.0
59272.0
59726.0
60300.0
60400.0
60600.0
61200.0
61400.0
61800.0
62200.0
62600.0
63000.0
63400.0
63800.0
64200.0
64600.0
65000.0
65400.0
65800.0
66000.0
66100.0
66200.0
66300.0
66400.0
66500.0
66600.0
66800.0
67200.0
67600.0
68000.0
68400.0
70800.0
71200.0
71600.0
72000.0
72400.0
72800.0
73200.0
73600.0
73900.0
74500.0
75000.0
75400.0
75800.0
76000.0
76200.0
76300.0
76400.0
76500.0
76600.0
76800.0
77200.0
77600.0
77900.0
78400.0
78800.0
79200.0
79600.0
80323.0
80478.0
80634.0
80789.0
81121.0
82835.0
83096.0
83428.0
83973.0
84518.0
85164.0
85809.0
86455.0
87101.0
87546.0
88001.0
88889.0
89978.0
90624.0
91170.0
91335.0
91490.0
91655.0
91819.0
92501.0
93046.0
93309.0
93855.0
94401.0
94946.0
95592.0
96137.0
96683.0
97015.0
97357.0
97699.0
98041.0
98383.0
98725.0
99067.0
99409.0
99855.0
100019.0
100184.0
100291.0
100349.0
100465.0
100514.0
100679.0
100713.0
100844.0
101153.0
101826.0
102409.0
102657.0
102905.0
103153.0
103409.0
103657.0
103831.0
104079.0
104326.0
106326.0
106766.0
107104.0
107545.0
107891.0
108239.0
108585.0
108931.0
109279.0
109625.0
109891.0
110474.0
110914.0
111170.0
111610.0
112051.0
112397.0
113239.0
113585.0
113841.0
114385.0
114968.0
115551.0
116134.0
117079.0
118024.0
119397.0
119981.0
120357.0
120814.0
121695.0
122148.0
122594.0
123046.0
123492.0
123944.0
124498.0
124979.0
125433.0
125885.0
126339.0
126791.0
127243.0
127695.0
128148.0
130000.0
130357.0
130814.0
131266.0
131718.0
132170.0
132622.0
133074.0
133526.0
133978.0
134433.0
134885.0
135339.0
135791.0
136243.0
136695.0
137148.0
137695.0
138148.0
138601.0
138952.0
140357.0
140811.0
145185.0
145639.0
146094.0
146126.0
146548.0
148230.0
148684.0
149138.0
149593.0
149715.0
150074.0
150089.0
150211.0
150499.0
150528.0
150621.0
150808.0
151069.0
151262.0
151716.0
152170.0
152458.0
152639.0
153094.0
153216.0
153403.0
153525.0
153647.0
153746.0
153828.0
154015.0
154202.0
154202.0
154556.0
154556.0
154910.0
155000.0
155010.0
155364.0
155513.0
155818.0
156057.0
156272.0
156511.0
156726.0
156736.0
156965.0
157180.0
157190.0
157409.0
157634.0
157644.0
157863.0
158088.0
158198.0
158317.0
158454.0
158652.0
158771.0
159106.0
159225.0
159560.0
159679.0
159914.0
159996.0
160000.0
160339.0
160678.0
161017.0
162143.0
162482.0
162821.0
163160.0
163500.0
163849.0
164188.0
164633.0
165069.0
165514.0
165853.0
166192.0
166531.0
166870.0
167119.0
167245.0
168160.0
168296.0
170498.0
170624.0
171169.0
171408.0
171534.0
171660.0
171786.0
171912.0
172038.0
172277.0
172516.0
172755.0
173094.0
173433.0
173772.0
174111.0
174556.0
175001.0
175446.0
175891.0
176284.0
176523.0
176762.0
176900.0
177026.0
177152.0
177278.0
177517.0
177856.0
178201.0
178545.0
178884.0
179223.0
179349.0
179475.0
179601.0
179727.0
179853.0
179979.0
