0.0
200.0
400.0
600.0
800.0
1000.0
1200.0
1400.0
1600.0
2000.0
2200.0
2400.0
2600.0
2800.0
3300.0
3400.0
3600.0
3800.0
3900.0
4000.0
4200.0
4400.0
4600.0
5200.0
5400.0
5600.0
5800.0
6000.0
6200.0
6400.0
6600.0
6800.0
6900.0
7000.0
7200.0
7400.0
7600.0
8000.0
8400.0
8800.0
9200.0
9600.0
9800.0
10000.0
10200.0
10400.0
10600.0
10800.0
11000.0
11200.0
11400.0
11600.0
11800.0
11900.0
12000.0
12200.0
12400.0
12800.0
13200.0
13600.0
14000.0
14400.0
14800.0
15200.0
15600.0
15800.0
16000.0
16200.0
16400.0
16600.0
16800.0
16900.0
17000.0
17200.0
17400.0
17600.0
17800.0
18000.0
18200.0
18400.0
18800.0
19200.0
19600.0
22500.0
22984.0
23468.0
23952.0
24194.0
24435.0
24677.0
24919.0
25161.0
25403.0
25645.0
25887.0
26129.0
26371.0
26613.0
26855.0
27097.0
27339.0
27581.0
27823.0
28065.0
28307.0
28549.0
28791.0
29033.0
29275.0
29517.0
29759.0
30000.0
30242.0
30484.0
30726.0
30968.0
31210.0
31452.0
31694.0
31936.0
32178.0
32420.0
32662.0
32904.0
33146.0
33268.0
33410.0
33532.0
33654.0
33776.0
33898.0
34020.0
34142.0
34264.0
34386.0
34508.0
34630.0
34752.0
34874.0
35056.0
35539.0
36123.0
36465.0
36607.0
36729.0
36851.0
36973.0
37095.0
37217.0
37339.0
37461.0
37580.0
40353.0
40706.0
42118.0
42471.0
42824.0
43176.0
43529.0
43882.0
44335.0
44688.0
45041.0
45394.0
45746.0
46099.0
46452.0
46905.0
47258.0
47611.0
48064.0
48516.0
49069.0
49522.0
49875.0
50000.0
50125.0
50249.0
50374.0
50500.0
50625.0
50750.0
50875.0
51000.0
51125.0
51250.0
51374.0
51500.0
51625.0
51750.0
51875.0
52000.0
52125.0
52250.0
52374.0
52500.0
52625.0
52750.0
52875.0
53000.0
53125.0
53250.0
53374.0
53500.0
53625.0
53750.0
53875.0
54000.0
54125.0
54250.0
54374.0
54500.0
54625.0
54750.0
54875.0
55000.0
55125.0
55250.0
55374.0
55500.0
55625.0
55750.0
55875.0
56000.0
60353.0
62768.0
63129.0
63590.0
64051.0
64512.0
65073.0
65534.0
66000.0
66461.0
66922.0
67383.0
67844.0
68305.0
68766.0
69227.0
69688.0
70049.0
70510.0
70971.0
71432.0
71893.0
72254.0
72555.0
72715.0
72755.0
72949.0
73149.0
73176.0
73349.0
73549.0
73637.0
73749.0
73949.0
74098.0
74149.0
74290.0
74349.0
75261.0
75461.0
75661.0
75861.0
76061.0
76106.0
76261.0
76461.0
76567.0
76661.0
76861.0
77028.0
77061.0
77255.0
77489.0
77579.0
77669.0
77860.0
78051.0
78242.0
78433.0
78624.0
78815.0
79006.0
79197.0
79388.0
79579.0
79770.0
79961.0
80329.0
80478.0
80627.0
80777.0
80926.0
81076.0
81225.0
81375.0
81524.0
81674.0
81824.0
81973.0
82123.0
82272.0
82422.0
82571.0
82721.0
82870.0
83019.0
83169.0
83318.0
83468.0
83617.0
83767.0
83916.0
84066.0
84215.0
84365.0
84514.0
84664.0
84813.0
84963.0
85112.0
85262.0
85411.0
85561.0
85710.0
85859.0
102500.0
102984.0
103468.0
103952.0
104194.0
104435.0
104677.0
104919.0
105161.0
105403.0
105645.0
105887.0
106129.0
106371.0
106613.0
106855.0
107097.0
107339.0
107581.0
107823.0
108065.0
108307.0
108549.0
108791.0
109033.0
109275.0
109517.0
109759.0
110000.0
110242.0
110484.0
110726.0
110968.0
111210.0
111452.0
111694.0
111936.0
112178.0
112420.0
112662.0
112904.0
113146.0
113268.0
113410.0
113532.0
113654.0
113776.0
113898.0
114020.0
114142.0
114264.0
114386.0
114508.0
114630.0
114752.0
114874.0
115056.0
115539.0
116123.0
116465.0
116607.0
116729.0
116851.0
116973.0
117095.0
117217.0
117339.0
117461.0
117580.0
122500.0
122984.0
123468.0
123952.0
124194.0
124435.0
124677.0
124919.0
125161.0
125403.0
125645.0
125887.0
126129.0
126371.0
126613.0
126855.0
127097.0
127339.0
127581.0
128065.0
128189.0
128431.0
128673.0
129965.0
130207.0
130449.0
130691.0
131085.0
131327.0
131569.0
131811.0
132053.0
132295.0
132537.0
133011.0
133135.0
133377.0
133619.0
133861.0
134103.0
134345.0
134587.0
135273.0
135415.0
135657.0
135999.0
136685.0
136827.0
137069.0
137311.0
137553.0
137895.0
138237.0
138923.0
142500.0
142984.0
143468.0
143952.0
144194.0
144435.0
144677.0
144919.0
145161.0
145403.0
145645.0
145887.0
146129.0
146371.0
146613.0
146855.0
147097.0
147339.0
147581.0
148065.0
148189.0
148431.0
148673.0
149996.0
150480.0
150964.0
151448.0
151932.0
152416.0
152899.0
153383.0
153867.0
154351.0
154693.0
155035.0
155377.0
155619.0
155861.0
156103.0
156345.0
156587.0
157259.0
157833.0
158406.0
158889.0
159373.0
160000.0
160339.0
160339.0
160588.0
160588.0
160729.0
160729.0
161273.0
161273.0
162432.0
162432.0
162761.0
162761.0
162902.0
162902.0
163346.0
163346.0
163588.0
163588.0
163729.0
163729.0
164174.0
164174.0
164618.0
164618.0
165063.0
165063.0
165507.0
165507.0
165952.0
165952.0
166496.0
166496.0
166941.0
166941.0
167385.0
167385.0
167526.0
167526.0
167667.0
167667.0
168111.0
168111.0
168252.0
168252.0
168393.0
168393.0
168534.0
168534.0
168675.0
168675.0
168816.0
168816.0
169658.0
169658.0
