279.0
534.0
860.0
1173.0
1498.0
1799.0
2125.0
2449.0
2774.0
3088.0
3401.0
3738.0
4051.0
4376.0
4690.0
5015.0
5340.0
5653.0
5978.0
6280.0
6605.0
6930.0
7255.0
7569.0
7894.0
8219.0
8544.0
8869.0
9182.0
9507.0
9832.0
10158.0
10483.0
10796.0
11121.0
11435.0
11771.0
12085.0
12398.0
12723.0
13048.0
13385.0
13698.0
14012.0
14337.0
14650.0
14975.0
15290.0
15603.0
15917.0
16254.0
16567.0
16880.0
17205.0
17530.0
17856.0
18181.0
18494.0
18808.0
19133.0
19458.0
19783.0
20279.0
20534.0
20860.0
21173.0
21498.0
21799.0
22136.0
22449.0
22774.0
23076.0
23413.0
23726.0
24040.0
24353.0
24678.0
24980.0
25305.0
25629.0
25943.0
26257.0
26582.0
26907.0
27220.0
27545.0
27869.0
28195.0
28519.0
28833.0
29158.0
29460.0
29785.0
30109.0
30435.0
30759.0
31084.0
31398.0
31711.0
32024.0
32349.0
32674.0
32999.0
33313.0
33626.0
33940.0
34265.0
34590.0
34903.0
35228.0
35530.0
35855.0
36192.0
36494.0
36807.0
37144.0
37469.0
37770.0
38107.0
38432.0
38757.0
39071.0
39396.0
39710.0
40275.0
40496.0
40832.0
41064.0
41285.0
41505.0
41726.0
41958.0
42178.0
42399.0
42620.0
42840.0
43061.0
43281.0
43513.0
43722.0
43955.0
44175.0
44384.0
44628.0
44837.0
45057.0
45289.0
45510.0
45729.0
45950.0
46170.0
46389.0
46610.0
46830.0
47051.0
47283.0
47504.0
47724.0
47945.0
48177.0
48386.0
48618.0
48827.0
49059.0
49280.0
49512.0
49721.0
49953.0
50174.0
50383.0
50615.0
50836.0
51056.0
51288.0
51509.0
51729.0
51950.0
52170.0
52389.0
52610.0
52831.0
53051.0
53283.0
53504.0
53725.0
53945.0
54178.0
54387.0
54607.0
54839.0
55059.0
55280.0
55501.0
55721.0
55953.0
60020.0
60391.0
60751.0
61146.0
61529.0
61890.0
62273.0
62633.0
63016.0
63399.0
63760.0
64155.0
64526.0
64909.0
65281.0
65652.0
66024.0
66396.0
66767.0
67151.0
67522.0
67894.0
68277.0
68649.0
69020.0
69392.0
69763.0
70158.0
70529.0
70901.0
71272.0
71656.0
72027.0
72399.0
72770.0
73153.0
73525.0
73908.0
74279.0
74651.0
75022.0
75394.0
75766.0
76150.0
76521.0
76893.0
77264.0
77648.0
78020.0
78391.0
78763.0
79146.0
79529.0
79901.0
79994.0
80020.0
80379.0
80542.0
80681.0
80913.0
81000.0
81169.0
81412.0
81668.0
81923.0
82179.0
82422.0
82678.0
82922.0
83165.0
83421.0
83676.0
83920.0
84176.0
84420.0
84675.0
84920.0
85175.0
85419.0
85674.0
85929.0
86173.0
86417.0
86673.0
86928.0
87172.0
87416.0
87671.0
87927.0
88171.0
88415.0
88670.0
88926.0
89170.0
89413.0
89670.0
89925.0
90170.0
90413.0
90670.0
90925.0
91170.0
91413.0
91669.0
91924.0
92179.0
92423.0
92679.0
92922.0
93178.0
93421.0
93677.0
93921.0
94176.0
94420.0
94676.0
94920.0
95175.0
95420.0
95675.0
95920.0
96175.0
96420.0
96675.0
96920.0
97175.0
97429.0
100020.0
100391.0
100577.0
100844.0
101065.0
101285.0
101494.0
101726.0
101935.0
102156.0
102376.0
102597.0
102806.0
103026.0
103247.0
103456.0
103665.0
103885.0
104106.0
104326.0
104535.0
104756.0
104965.0
105186.0
105395.0
105615.0
105824.0
106045.0
106254.0
106474.0
106683.0
106904.0
107124.0
107333.0
107554.0
107763.0
107972.0
108192.0
108413.0
108622.0
108842.0
109051.0
109272.0
109481.0
109690.0
109910.0
110120.0
110339.0
110548.0
110757.0
110978.0
111198.0
111407.0
111628.0
111837.0
112057.0
112278.0
112487.0
112707.0
112916.0
113137.0
113346.0
113566.0
113775.0
113984.0
114205.0
114425.0
114646.0
114855.0
115000.0
115076.0
120020.0
120357.0
120682.0
121029.0
121343.0
121680.0
122016.0
122353.0
122689.0
123015.0
123351.0
123699.0
124024.0
124350.0
124698.0
125023.0
125359.0
125685.0
126021.0
126358.0
126695.0
127020.0
127356.0
127681.0
128029.0
128354.0
128680.0
129016.0
129353.0
129689.0
130026.0
130351.0
130688.0
131025.0
131350.0
131698.0
132023.0
132359.0
132685.0
133021.0
133358.0
133683.0
134020.0
134356.0
134681.0
135018.0
135355.0
135680.0
136016.0
136353.0
136689.0
137026.0
137351.0
137688.0
138024.0
138350.0
138686.0
139023.0
139359.0
139684.0
140028.0
140365.0
140702.0
141040.0
141399.0
141736.0
142084.0
142421.0
142769.0
143118.0
143454.0
143803.0
144139.0
144488.0
144836.0
145184.0
145521.0
145870.0
146218.0
146566.0
146915.0
147251.0
147600.0
147936.0
148285.0
148621.0
148969.0
149318.0
149666.0
150014.0
150351.0
150700.0
151036.0
151384.0
151721.0
152069.0
152418.0
152766.0
153114.0
153463.0
153811.0
154148.0
154496.0
154845.0
155193.0
155541.0
155889.0
156238.0
156586.0
156934.0
157283.0
157620.0
157968.0
158316.0
158665.0
159013.0
159361.0
