300.0
455.0
601.0
747.0
893.0
1239.0
2239.0
2485.0
2731.0
2977.0
3223.0
3469.0
3715.0
4139.0
5139.0
5285.0
5431.0
5577.0
5723.0
5869.0
6015.0
6601.0
6947.0
7293.0
7889.0
8989.0
9989.0
10135.0
10285.0
10431.0
10577.0
10723.0
10869.0
11015.0
11161.0
11507.0
13507.0
13653.0
13999.0
14413.0
16413.0
16559.0
16805.0
17151.0
17597.0
18011.0
18457.0
18903.0
19349.0
19895.0
19980.0
19989.0
19989.0
19989.0
19989.0
19989.0
19989.0
19989.0
19989.0
19989.0
19989.0
19989.0
19989.0
19989.0
19989.0
19989.0
19989.0
19989.0
20300.0
20455.0
20611.0
20767.0
20923.0
21079.0
21235.0
21391.0
21547.0
21881.0
22215.0
22471.0
22727.0
23171.0
23327.0
23583.0
23695.0
23807.0
23923.0
24035.0
24147.0
24269.0
24381.0
24503.0
24759.0
25103.0
25836.0
26790.0
30000.0
30256.0
30512.0
30624.0
30736.0
30848.0
31004.0
31116.0
31228.0
31340.0
31452.0
31564.0
31676.0
31788.0
31900.0
32024.0
32136.0
32271.0
32384.0
32528.0
32676.0
32831.0
33228.0
33615.0
33761.0
33917.0
34136.0
34282.0
34669.0
34881.0
40357.0
40811.0
45185.0
45639.0
46094.0
46126.0
46548.0
48230.0
48389.0
50045.0
50203.0
50360.0
50518.0
50676.0
50834.0
51027.0
51185.0
51343.0
51501.0
51659.0
51817.0
52632.0
53096.0
53550.0
54014.0
56126.0
56293.0
56451.0
56618.0
56776.0
56898.0
57018.0
57334.0
57599.0
57718.0
58182.0
58726.0
59280.0
59744.0
59902.0
59922.0
59942.0
59962.0
59980.0
59982.0
59982.0
59982.0
59982.0
59982.0
59982.0
59982.0
59982.0
59982.0
59982.0
59982.0
59982.0
59982.0
59982.0
59982.0
59982.0
59982.0
59982.0
59982.0
59982.0
59982.0
59982.0
60300.0
60400.0
60600.0
61200.0
61400.0
61800.0
62000.0
62200.0
62400.0
62800.0
63000.0
63400.0
63600.0
65200.0
65400.0
65800.0
66000.0
66400.0
66600.0
70000.0
70300.0
70400.0
70600.0
70800.0
71200.0
71400.0
71800.0
72000.0
72400.0
72600.0
73000.0
73200.0
73600.0
73800.0
74000.0
74200.0
74400.0
74600.0
74700.0
74900.0
75100.0
75500.0
75600.0
75800.0
75900.0
76100.0
76200.0
76400.0
76600.0
76800.0
79800.0
80000.0
80300.0
80400.0
80400.0
80600.0
80600.0
80800.0
81200.0
81400.0
81800.0
82000.0
82200.0
82400.0
82600.0
82800.0
83000.0
83200.0
83400.0
83600.0
83800.0
84000.0
84200.0
84400.0
84600.0
85200.0
85400.0
86000.0
86200.0
88800.0
89400.0
89600.0
89800.0
90000.0
90200.0
90400.0
90600.0
90800.0
91000.0
91100.0
91200.0
91300.0
91500.0
91600.0
91800.0
92000.0
92200.0
92400.0
92600.0
92800.0
93000.0
94800.0
95000.0
95200.0
95400.0
95600.0
95800.0
96000.0
96500.0
96600.0
96800.0
97000.0
97200.0
97400.0
97600.0
97800.0
98000.0
98400.0
98600.0
98800.0
99000.0
99200.0
99400.0
99600.0
99800.0
100382.0
100941.0
101500.0
106817.0
107376.0
107935.0
108494.0
109053.0
109612.0
110171.0
110299.0
110730.0
110858.0
111417.0
112076.0
112535.0
113094.0
113553.0
114012.0
114571.0
115130.0
115589.0
116048.0
116507.0
116966.0
117425.0
118340.0
118899.0
119358.0
119817.0
120357.0
120811.0
125185.0
125639.0
126094.0
126548.0
127002.0
127456.0
127910.0
128364.0
128818.0
129272.0
129626.0
130080.0
130534.0
130988.0
131442.0
131896.0
132250.0
132604.0
133058.0
133512.0
133966.0
134199.0
134422.0
134645.0
134868.0
135091.0
135314.0
135537.0
135760.0
135983.0
136206.0
136429.0
136652.0
136875.0
137098.0
137321.0
137544.0
137767.0
138121.0
138575.0
139029.0
139483.0
139937.0
140323.0
140746.0
148277.0
148511.0
148934.0
149069.0
149204.0
149339.0
149545.0
149780.0
149915.0
150150.0
150285.0
150520.0
150655.0
150890.0
151025.0
151259.0
151494.0
151629.0
151764.0
151999.0
152234.0
154528.0
154763.0
154998.0
155233.0
155468.0
155703.0
155838.0
156072.0
156107.0
156142.0
156177.0
156212.0
156247.0
156471.0
156695.0
156930.0
157165.0
157696.0
158031.0
158166.0
158201.0
158236.0
158271.0
158306.0
158341.0
158376.0
158411.0
158842.0
159273.0
159704.0
159839.0
159874.0
159909.0
159944.0
159979.0
