2500.0
2914.3
3328.6
3742.9
4157.1
4571.4
5085.7
5494.3
5908.6
6322.9
6737.1
7151.4
7565.7
7980.0
8394.3
8808.6
9222.9
9637.1
10051.4
10465.7
10880.0
11294.3
11708.6
12122.9
12537.1
12951.4
13365.7
13780.0
14000.0
14194.3
20300.0
20400.0
20600.0
20800.0
21000.0
21200.0
21400.0
21600.0
21800.0
22000.0
22200.0
22400.0
22600.0
22800.0
23000.0
23200.0
23400.0
23600.0
23800.0
24000.0
24200.0
24400.0
24600.0
25000.0
25600.0
25800.0
26300.0
29700.0
30400.0
30600.0
30800.0
31000.0
31200.0
31400.0
31600.0
31800.0
32000.0
32200.0
32400.0
32600.0
32800.0
33000.0
33200.0
33400.0
33600.0
33800.0
34000.0
34200.0
34400.0
34600.0
34800.0
35000.0
35200.0
35400.0
35600.0
35800.0
36000.0
36200.0
36400.0
36600.0
36800.0
37000.0
37200.0
37400.0
37600.0
37800.0
38000.0
38200.0
38400.0
38600.0
38800.0
39000.0
39200.0
39400.0
39600.0
39800.0
40682.0
41136.0
41591.0
41818.0
42500.0
43182.0
43409.0
43636.0
44318.0
44773.0
45000.0
45227.0
45454.0
45909.0
46136.0
46363.0
46818.0
47182.0
47309.0
47864.0
48750.0
49205.0
49432.0
49559.0
49886.0
50000.0
50227.0
50354.0
50809.0
51182.0
51309.0
51536.0
51663.0
52118.0
52345.0
53182.0
53409.0
53636.0
53864.0
54091.0
54318.0
54545.0
54773.0
55000.0
55227.0
55354.0
55581.0
55809.0
56182.0
56309.0
56536.0
56663.0
57118.0
57409.0
57773.0
58182.0
58409.0
58636.0
58864.0
59091.0
59318.0
59559.0
59886.0
60300.0
62400.0
62700.0
62800.0
63000.0
63200.0
63400.0
63600.0
63800.0
64000.0
64200.0
64400.0
64600.0
65200.0
65600.0
65800.0
66500.0
66600.0
66800.0
67000.0
67200.0
67400.0
67600.0
67800.0
68000.0
68200.0
68400.0
68600.0
70000.0
70200.0
70400.0
70600.0
70800.0
71000.0
71200.0
71400.0
71600.0
71800.0
72000.0
72200.0
72400.0
72600.0
72800.0
73000.0
73200.0
73400.0
73600.0
73800.0
74000.0
74200.0
74400.0
74600.0
74800.0
75000.0
75200.0
75400.0
75600.0
75800.0
76000.0
76200.0
76400.0
76600.0
76800.0
77000.0
77200.0
77400.0
77600.0
77800.0
78000.0
78200.0
78400.0
78600.0
78800.0
79000.0
79200.0
79400.0
79600.0
79800.0
82903.0
83645.0
83807.0
83969.0
84131.0
84293.0
84455.0
84617.0
84779.0
85061.0
85343.0
85625.0
85847.0
86162.0
86710.0
86925.0
87573.0
87688.0
88436.0
88451.0
89193.0
90299.0
91162.0
92025.0
92888.0
93751.0
94614.0
96336.0
100682.0
101364.0
101591.0
101818.0
102273.0
102500.0
102727.0
102955.0
103182.0
103636.0
104318.0
107500.0
108182.0
113636.0
114318.0
114545.0
114773.0
115000.0
115227.0
115455.0
115909.0
116182.0
116409.0
116636.0
117190.0
117644.0
118098.0
118552.0
119006.0
119460.0
119914.0
120326.0
120368.0
120471.0
120616.0
120761.0
120822.0
120906.0
121050.0
121195.0
121339.0
121484.0
121629.0
121774.0
122458.0
122787.0
123013.0
123239.0
123465.0
123691.0
123917.0
124143.0
124369.0
124595.0
124821.0
125047.0
125273.0
125499.0
125725.0
125869.0
126005.0
126140.0
126284.0
126419.0
126564.0
126790.0
127925.0
128761.0
129697.0
142500.0
142984.0
143597.0
143737.0
143878.0
144018.0
144159.0
144299.0
144439.0
144580.0
144720.0
144861.0
145001.0
145141.0
145282.0
145422.0
145563.0
145703.0
145844.0
146567.0
146961.0
147101.0
147241.0
147382.0
147522.0
147663.0
147803.0
147944.0
148084.0
148168.0
148318.0
148458.0
148698.0
149192.0
149776.0
150460.0
150600.0
150740.0
150881.0
151021.0
151161.0
151300.0
151441.0
151582.0
151722.0
151863.0
152103.0
152587.0
152981.0
153465.0
153859.0
154253.0
154647.0
155041.0
155435.0
155829.0
156223.0
156617.0
157011.0
157405.0
157799.0
158283.0
158677.0
159071.0
159465.0
159859.0
