357.0
682.0
1008.0
1334.0
1659.0
2085.0
2511.0
3182.0
3407.0
3733.0
4059.0
4385.0
5056.0
5382.0
5708.0
6034.0
6601.0
8222.0
8447.0
8773.0
9149.0
9475.0
9801.0
10127.0
10453.0
10779.0
11105.0
14127.0
14453.0
14779.0
15105.0
15331.0
15556.0
15678.0
15801.0
15923.0
15945.0
15967.0
15989.0
16011.0
16033.0
16055.0
16077.0
16112.0
16883.0
17209.0
17535.0
17861.0
18187.0
18613.0
19039.0
19465.0
19587.0
19813.0
19935.0
19957.0
19979.0
19991.0
19993.0
20903.0
21265.0
21821.0
24273.0
24830.0
25386.0
25942.0
26498.0
26954.0
27410.0
27866.0
28178.0
28530.0
28892.0
29254.0
29616.0
30041.0
30303.0
30515.0
30626.0
30737.0
30848.0
30959.0
31070.0
31181.0
31292.0
31403.0
31525.0
31636.0
31747.0
31858.0
32070.0
34219.0
34581.0
35037.0
35494.0
35950.0
36406.0
36862.0
37214.0
37596.0
37898.0
38260.0
38622.0
38834.0
39046.0
39258.0
39470.0
39682.0
39894.0
40000.0
40106.0
40318.0
40400.0
40500.0
40530.0
40600.0
40742.0
40800.0
41000.0
41200.0
41400.0
41800.0
44200.0
44400.0
44800.0
45000.0
45200.0
45600.0
45800.0
46000.0
46200.0
46400.0
46600.0
46800.0
47000.0
47200.0
47400.0
47600.0
47800.0
48000.0
48200.0
48400.0
48600.0
48800.0
49000.0
49200.0
49400.0
49600.0
49800.0
50000.0
50200.0
50400.0
50600.0
50800.0
51000.0
51200.0
51400.0
51600.0
51800.0
52000.0
52200.0
52400.0
52600.0
52800.0
53000.0
53200.0
53400.0
53600.0
53800.0
54000.0
54200.0
54400.0
54600.0
54800.0
55000.0
55200.0
55400.0
55600.0
55800.0
56000.0
56200.0
56400.0
56600.0
56800.0
57000.0
57200.0
57400.0
57600.0
57800.0
58000.0
58200.0
58400.0
58600.0
58800.0
59000.0
59200.0
59400.0
59600.0
60357.0
60682.0
61008.0
61334.0
61659.0
62985.0
63310.0
63635.0
64268.0
64694.0
65120.0
65546.0
65871.0
66197.0
66522.0
67054.0
68016.0
68442.0
68868.0
69294.0
69416.0
69635.0
69757.0
69879.0
69991.0
70113.0
70235.0
70357.0
70899.0
71225.0
74171.0
74597.0
75023.0
75449.0
75571.0
75693.0
75815.0
75937.0
75959.0
75980.0
76002.0
76023.0
76045.0
76067.0
76088.0
76109.0
76130.0
76142.0
76154.0
76166.0
76178.0
76190.0
76202.0
76214.0
76226.0
76238.0
76250.0
76262.0
76274.0
76286.0
76298.0
76310.0
76322.0
76334.0
76388.0
76424.0
76749.0
76871.0
80327.0
80447.0
80688.0
80808.0
81290.0
84192.0
84533.0
84753.0
85234.0
85364.0
85585.0
85925.0
86045.0
86266.0
86606.0
86727.0
86847.0
87228.0
90871.0
91192.0
91412.0
91533.0
91753.0
92134.0
92254.0
92475.0
92795.0
93475.0
93695.0
93816.0
94156.0
94277.0
94397.0
94518.0
94638.0
94859.0
95539.0
95760.0
95980.0
96320.0
96440.0
96661.0
97041.0
97361.0
97842.0
98322.0
98803.0
98923.0
99044.0
99164.0
99285.0
99505.0
99845.0
99965.0
100353.0
100706.0
101000.0
102188.0
102541.0
102904.0
103257.0
103610.0
103963.0
104076.0
104188.0
104301.0
104413.0
104525.0
104637.0
104749.0
104861.0
105085.0
105206.0
105328.0
105450.0
105576.0
105706.0
105832.0
105953.0
106076.0
106206.0
106301.0
106413.0
106525.0
106749.0
106861.0
107085.0
108134.0
108861.0
109214.0
109557.0
109910.0
110063.0
110134.0
110257.0
110353.0
110413.0
110475.0
110587.0
110610.0
110699.0
110810.0
110932.0
111044.0
111156.0
111268.0
111380.0
111500.0
111612.0
111734.0
111856.0
111978.0
112090.0
112206.0
112328.0
112440.0
112557.0
112670.0
112782.0
112894.0
113006.0
113118.0
113230.0
113342.0
113454.0
120353.0
120706.0
122188.0
122541.0
122904.0
123257.0
123610.0
123963.0
124076.0
124188.0
124301.0
124413.0
124525.0
124637.0
124749.0
124861.0
124973.0
125085.0
125197.0
125309.0
125421.0
125533.0
125645.0
125757.0
125869.0
125981.0
126093.0
126205.0
126317.0
126429.0
126541.0
126653.0
126765.0
126877.0
126989.0
127101.0
127213.0
127386.0
127648.0
128924.0
129186.0
129539.0
129892.0
140327.0
140474.0
140621.0
140768.0
140915.0
141062.0
141209.0
141356.0
142139.0
142541.0
142688.0
142835.0
143072.0
143210.0
143347.0
143484.0
143621.0
143768.0
143915.0
144062.0
144598.0
145134.0
145281.0
145428.0
145575.0
145712.0
145849.0
146105.0
146401.0
148954.0
149101.0
149238.0
149375.0
149512.0
149649.0
149786.0
150170.0
150307.0
150545.0
150882.0
151219.0
151655.0
152101.0
154655.0
155101.0
155547.0
155884.0
156221.0
156358.0
156595.0
156832.0
157069.0
157306.0
157842.0
158288.0
158425.0
158541.0
158655.0
158768.0
158882.0
159098.0
159335.0
159781.0
159997.0
