297.0
657.0
1341.0
1701.0
2061.0
2433.0
2805.0
3165.0
3537.0
3897.0
4269.0
4630.0
5002.0
5362.0
5734.0
6106.0
6478.0
6838.0
7210.0
7570.0
7942.0
8313.0
8685.0
9045.0
9417.0
9789.0
10160.0
10520.0
10892.0
11264.0
11624.0
12007.0
12367.0
12739.0
13110.0
13482.0
13854.0
14226.0
14586.0
14958.0
15329.0
15690.0
16061.0
16433.0
16805.0
17165.0
17537.0
17908.0
18268.0
18640.0
19012.0
19383.0
19755.0
19883.0
19987.0
20239.0
20576.0
20843.0
21121.0
21365.0
21679.0
21968.0
22235.0
22536.0
22803.0
23081.0
23348.0
23627.0
23893.0
24184.0
24451.0
24728.0
24995.0
25285.0
25552.0
25843.0
26109.0
26388.0
26655.0
26933.0
27212.0
27467.0
27757.0
28036.0
28303.0
28570.0
28837.0
29127.0
29394.0
29673.0
29963.0
30230.0
30508.0
30787.0
31065.0
31344.0
31623.0
31889.0
32168.0
32447.0
32725.0
32992.0
33282.0
33549.0
33828.0
34106.0
34385.0
34663.0
34930.0
35219.0
35486.0
35765.0
36043.0
36334.0
36601.0
36879.0
37158.0
37436.0
37703.0
37982.0
38260.0
38527.0
38806.0
39084.0
40275.0
40496.0
40832.0
41146.0
41482.0
41772.0
42120.0
42434.0
42770.0
43107.0
43432.0
43757.0
44094.0
44420.0
44756.0
45093.0
45406.0
45754.0
46080.0
46405.0
46753.0
47089.0
47415.0
47751.0
48088.0
48413.0
48750.0
49075.0
49423.0
49759.0
50085.0
50410.0
50758.0
51095.0
51420.0
51757.0
52082.0
52419.0
52755.0
53092.0
53417.0
53754.0
54090.0
54427.0
54752.0
55090.0
55415.0
55751.0
56099.0
56424.0
56761.0
57086.0
57411.0
57759.0
58084.0
58421.0
58758.0
59094.0
59419.0
59756.0
60020.0
60391.0
60542.0
60705.0
60867.0
61018.0
61192.0
61355.0
61517.0
61680.0
61854.0
62028.0
62191.0
62353.0
62527.0
62689.0
62852.0
63026.0
63199.0
63350.0
63524.0
63698.0
63850.0
64024.0
64198.0
64361.0
64523.0
64697.0
64860.0
65022.0
65196.0
65359.0
65521.0
65695.0
65858.0
66020.0
66194.0
66357.0
66520.0
66694.0
66856.0
67029.0
67192.0
67355.0
67529.0
67691.0
67854.0
68028.0
68190.0
68353.0
68527.0
68690.0
68852.0
69026.0
69199.0
69350.0
69524.0
69698.0
69850.0
70024.0
70198.0
70350.0
70524.0
70698.0
70850.0
71024.0
71198.0
71350.0
71524.0
71698.0
71850.0
72000.0
72024.0
72198.0
80020.0
80357.0
80694.0
81018.0
81355.0
81680.0
82017.0
82354.0
82690.0
83027.0
83352.0
83699.0
84025.0
84350.0
84698.0
85023.0
85359.0
85685.0
86021.0
86358.0
86683.0
87020.0
87356.0
87681.0
88018.0
88355.0
88680.0
89028.0
89353.0
89689.0
90026.0
90351.0
90688.0
91024.0
91350.0
91686.0
92023.0
92359.0
92684.0
93021.0
93358.0
93683.0
94020.0
94356.0
94681.0
95018.0
95355.0
95680.0
96016.0
96353.0
96689.0
97026.0
97351.0
97688.0
98025.0
98350.0
98686.0
99023.0
99359.0
99684.0
100020.0
100391.0
100751.0
101109.0
101469.0
101830.0
102190.0
102550.0
102910.0
103268.0
103628.0
103976.0
104336.0
104696.0
105068.0
105416.0
105776.0
106148.0
106508.0
106868.0
107228.0
107599.0
107947.0
108307.0
108679.0
109027.0
109399.0
109735.0
110107.0
110455.0
110827.0
111175.0
111547.0
111907.0
112267.0
112627.0
112975.0
113347.0
113707.0
114055.0
114427.0
114787.0
115147.0
115507.0
115867.0
116227.0
116587.0
116935.0
117295.0
117655.0
118027.0
118375.0
118735.0
119083.0
119455.0
119815.0
120020.0
120368.0
120577.0
120798.0
121029.0
121240.0
121450.0
121670.0
121879.0
122099.0
122310.0
122530.0
122751.0
122960.0
123170.0
123380.0
123600.0
123810.0
124020.0
124230.0
124440.0
124660.0
124869.0
125089.0
125309.0
125520.0
125730.0
125950.0
126160.0
126370.0
126580.0
126790.0
127010.0
127220.0
127430.0
127650.0
127860.0
128070.0
128280.0
128489.0
128709.0
128919.0
129128.0
129349.0
129558.0
129767.0
130116.0
130325.0
130534.0
130755.0
130964.0
131184.0
131393.0
131602.0
131823.0
132032.0
132241.0
132450.0
132671.0
132880.0
133090.0
133300.0
133520.0
133729.0
133949.0
134158.0
134368.0
134589.0
134809.0
135018.0
135227.0
135448.0
135657.0
135878.0
