357.0
811.0
2255.0
2699.0
3143.0
3588.0
5032.0
5476.0
7032.0
7476.0
7920.0
8365.0
8938.0
9802.0
9916.0
10032.0
10143.0
10476.0
10811.0
11255.0
11699.0
12032.0
12357.0
12802.0
13246.0
13699.0
14032.0
14476.0
14920.0
15365.0
15811.0
16255.0
16699.0
17032.0
17476.0
17802.0
18143.0
18468.0
18684.0
18899.0
19116.0
19332.0
19548.0
19995.0
20300.0
20400.0
20440.0
20600.0
20885.0
21200.0
21400.0
21800.0
22000.0
22200.0
22400.0
22600.0
22800.0
23000.0
23200.0
23600.0
25200.0
25400.0
25600.0
25800.0
26000.0
26200.0
26400.0
26600.0
26800.0
27000.0
27200.0
27400.0
27600.0
27800.0
28000.0
28400.0
30800.0
31200.0
31400.0
31600.0
31800.0
32000.0
32400.0
32600.0
32800.0
33000.0
33200.0
33400.0
33600.0
33800.0
34000.0
34200.0
34400.0
34600.0
34800.0
35000.0
35200.0
35400.0
35600.0
35800.0
36000.0
39800.0
40000.0
40000.0
40200.0
40339.0
40400.0
40600.0
40678.0
40800.0
41000.0
41017.0
42000.0
42423.0
42845.0
43267.0
43789.0
44128.0
44550.0
45989.0
46411.0
46833.0
49178.0
49790.0
50411.0
50833.0
51255.0
51678.0
52100.0
52522.0
53867.0
54389.0
54811.0
55233.0
55655.0
55989.0
56411.0
56833.0
57255.0
57589.0
57923.0
58867.0
59489.0
59911.0
59999.0
60357.0
60814.0
62235.0
62307.0
64082.0
64154.0
64582.0
64753.0
65096.0
65267.0
65713.0
66159.0
66615.0
68332.0
68404.0
69143.0
69699.0
70156.0
70512.0
70584.0
70702.0
70755.0
71183.0
71259.0
71511.0
71715.0
71839.0
72171.0
72267.0
72599.0
73056.0
73512.0
74069.0
74307.0
74525.0
74753.0
75183.0
75639.0
76015.0
76071.0
76154.0
76525.0
76525.0
76657.0
76996.0
77082.0
77332.0
78056.0
78512.0
78699.0
79069.0
79143.0
79497.0
79571.0
79943.0
79999.0
80357.0
80812.0
81639.0
82084.0
82529.0
82974.0
83419.0
83864.0
84309.0
84754.0
85299.0
85744.0
86189.0
86634.0
87079.0
87524.0
88168.0
89309.0
89754.0
90000.0
90245.0
90489.0
90734.0
91079.0
91324.0
91568.0
91812.0
92056.0
92309.0
93045.0
94189.0
94754.0
95000.0
95245.0
95489.0
95734.0
95978.0
96223.0
96668.0
97113.0
97558.0
98003.0
98448.0
98894.0
99339.0
99784.0
100291.0
100537.6
100784.1
101029.6
101275.9
101521.5
101767.0
102013.5
102259.9
102506.4
102752.9
102999.4
103245.9
103492.4
103738.0
103984.5
104230.9
104477.4
104723.8
104970.3
105216.8
105463.2
105709.7
105956.1
106202.6
106449.0
106695.5
106941.9
107188.4
107424.0
107669.5
107916.0
108162.5
108408.9
108655.4
108901.8
109148.3
109394.8
109641.2
109887.7
120000.0
120455.0
120909.0
121364.0
121818.0
122273.0
122727.0
123182.0
123636.0
124091.0
124545.0
125000.0
125455.0
125909.0
126364.0
126818.0
127273.0
127727.0
128182.0
128636.0
129091.0
129545.0
129995.0
