5455.0
6299.0
7143.0
7865.0
8010.0
8155.0
8301.0
8446.0
8591.0
8737.0
8882.0
9028.0
9173.0
9319.0
9465.0
9611.0
9757.0
9903.0
10747.0
11299.0
11542.0
12000.0
12452.0
13014.0
13159.0
13305.0
13451.0
13607.0
13753.0
13909.0
14461.0
14617.0
14763.0
14909.0
15055.0
15201.0
15347.0
15493.0
15639.0
15885.0
18576.0
19138.0
19590.0
19836.0
19982.0
20357.0
20682.0
21008.0
21334.0
21659.0
22085.0
22511.0
23182.0
23407.0
23733.0
24059.0
24385.0
25273.0
25799.0
29125.0
30011.0
30337.0
30663.0
30989.0
31305.0
31631.0
32203.0
33090.0
33416.0
33742.0
34068.0
34394.0
35165.0
35691.0
36117.0
36443.0
36769.0
37095.0
37667.0
37993.0
38319.0
38645.0
38971.0
40000.0
40286.0
40571.0
40857.0
41143.0
41429.0
41714.0
42143.0
42714.0
43571.0
43857.0
44429.0
44857.0
45714.0
46143.0
46286.0
46571.0
46857.0
47000.0
47143.0
47417.0
47790.0
48459.0
49315.0
50171.0
50459.0
50790.0
51143.0
51286.0
51520.0
51765.0
52000.0
52143.0
52286.0
52429.0
52571.0
52714.0
52857.0
53000.0
53143.0
53459.0
53790.0
54034.0
54571.0
55000.0
55429.0
55765.0
56000.0
56143.0
56286.0
56517.0
56758.0
56899.0
57040.0
57182.0
57323.0
57465.0
57606.0
57747.0
57889.0
58030.0
58171.0
58313.0
58455.0
58696.0
58938.0
59182.0
59424.0
59666.0
60329.0
60478.0
60628.0
60777.0
60927.0
61076.0
61226.0
61375.0
61525.0
61674.0
61824.0
61973.0
62545.0
63016.0
63487.0
63958.0
70109.0
70430.0
70750.0
71071.0
71492.0
71813.0
72134.0
72455.0
72776.0
73097.0
73418.0
73739.0
74060.0
74381.0
74852.0
75794.0
76736.0
77678.0
78620.0
79562.0
79983.0
80357.0
80682.0
81008.0
81334.0
81659.0
82085.0
82511.0
82837.0
83163.0
83489.0
83815.0
84141.0
84467.0
84793.0
85119.0
85445.0
85771.0
86097.0
88612.0
89597.0
90411.0
90837.0
91263.0
91689.0
92115.0
92541.0
92867.0
93293.0
93719.0
94145.0
94461.0
94777.0
95093.0
95409.0
95725.0
96041.0
96357.0
96673.0
96989.0
97305.0
100357.0
100682.0
101008.0
101334.0
101659.0
102085.0
102511.0
103182.0
103407.0
103733.0
104059.0
104385.0
105273.0
105799.0
106570.0
107105.0
108821.0
109932.0
110468.0
110894.0
111320.0
111746.0
112172.0
112648.0
113074.0
113550.0
113976.0
120357.0
120682.0
121008.0
121334.0
121659.0
122075.0
122390.0
122806.0
123131.0
123457.0
123547.0
123873.0
124289.0
124504.0
124719.0
125045.0
125371.0
128148.0
128474.0
128564.0
128890.0
129215.0
129305.0
129631.0
129957.0
130283.0
130609.0
130799.0
131125.0
131451.0
131541.0
131867.0
132193.0
132383.0
132609.0
132835.0
133161.0
133487.0
133677.0
134003.0
134329.0
134856.0
135182.0
135709.0
136035.0
136451.0
136541.0
136867.0
137193.0
137383.0
137609.0
137835.0
138161.0
138251.0
138577.0
138903.0
139129.0
139219.0
139545.0
139871.0
