2500.0
3600.0
4000.0
4200.0
4800.0
5000.0
5300.0
5500.0
5700.0
5800.0
6000.0
6200.0
6300.0
6500.0
6600.0
6800.0
7000.0
7200.0
7300.0
7500.0
7600.0
7800.0
8000.0
8200.0
8400.0
8600.0
9000.0
9800.0
10000.0
10200.0
10400.0
10600.0
10800.0
11000.0
11200.0
11300.0
11500.0
11600.0
11800.0
12000.0
12200.0
12400.0
12600.0
12800.0
13000.0
13200.0
13400.0
13600.0
13800.0
14000.0
14200.0
14400.0
14600.0
14800.0
15000.0
15200.0
15400.0
15600.0
15800.0
16000.0
16200.0
16400.0
16600.0
16800.0
17000.0
17200.0
17400.0
17600.0
17800.0
18000.0
18200.0
18400.0
18600.0
18800.0
19000.0
19200.0
19400.0
19600.0
19800.0
20353.0
22549.0
22873.0
23297.0
23721.0
23809.0
24055.0
24143.0
24389.0
24476.0
24620.0
24708.0
24895.0
25081.0
25268.0
25455.0
25641.0
25829.0
26075.0
26509.0
28873.0
29745.0
30079.0
30167.0
30353.0
30539.0
30727.0
30913.0
31099.0
31285.0
31471.0
31657.0
31843.0
32029.0
32265.0
32451.0
32637.0
33071.0
33595.0
36413.0
36747.0
36835.0
37021.0
37207.0
37393.0
37579.0
37765.0
37951.0
38137.0
38323.0
38509.0
38695.0
38881.0
39067.0
39253.0
39439.0
39625.0
39811.0
40357.0
40824.0
41639.0
42106.0
42583.0
43056.0
43530.0
44002.0
44475.0
44947.0
45420.0
45892.0
46365.0
46837.0
47310.0
47782.0
48255.0
48727.0
49199.0
49671.0
50144.0
50616.0
51088.0
51560.0
52032.0
52504.0
52976.0
53448.0
53920.0
54392.0
54865.0
55337.0
55809.0
56281.0
56753.0
57225.0
57697.0
58169.0
58641.0
59113.0
59585.0
60329.0
60478.0
60627.0
60777.0
60926.0
61076.0
61225.0
61375.0
61524.0
61674.0
61824.0
61973.0
62123.0
62272.0
62339.0
62422.0
62488.0
62571.0
62638.0
62721.0
62787.0
62870.0
62937.0
63019.0
63086.0
63169.0
63236.0
63318.0
63385.0
63468.0
63535.0
63617.0
63684.0
63767.0
63834.0
63916.0
63983.0
64066.0
64133.0
64215.0
64282.0
64365.0
64432.0
64514.0
64581.0
64664.0
64731.0
64813.0
64880.0
64963.0
64999.0
65112.0
65149.0
65262.0
65298.0
65411.0
65448.0
65561.0
65597.0
65710.0
65747.0
65859.0
65896.0
66046.0
66195.0
66345.0
66494.0
66644.0
66793.0
80353.0
82768.0
83000.0
83960.0
84232.0
84873.0
85145.0
85417.0
85689.0
86061.0
86333.0
86605.0
87669.0
90000.0
90417.0
90561.0
90749.0
90883.0
91083.0
91105.0
91327.0
91417.0
91549.0
91749.0
91811.0
92083.0
92417.0
92551.0
92749.0
93083.0
93417.0
93749.0
94083.0
94232.0
94417.0
94749.0
94873.0
95105.0
95145.0
95327.0
95367.0
95549.0
95639.0
95811.0
95861.0
96033.0
96083.0
96145.0
96257.0
96305.0
96367.0
96479.0
96527.0
96590.0
96700.0
96811.0
96889.0
96923.0
97033.0
97145.0
97257.0
97360.0
97669.0
98861.0
99333.0
99555.0
99827.0
100357.0
100824.0
101391.0
101958.0
102736.0
103413.0
103980.0
104546.0
105113.0
105679.0
106246.0
106813.0
107379.0
107946.0
108724.0
109501.0
109879.0
110000.0
110224.0
110357.0
110564.0
110798.0
110824.0
111032.0
111165.0
111298.0
111391.0
111431.0
111564.0
111697.0
111830.0
111958.0
111963.0
112096.0
112229.0
112362.0
112495.0
112628.0
112736.0
112761.0
112894.0
113027.0
113160.0
113293.0
113413.0
113426.0
113559.0
113692.0
113825.0
113958.0
114189.0
114191.0
114425.0
114658.0
114755.0
114892.0
115125.0
115321.0
115887.0
116454.0
117020.0
117586.0
118152.0
118718.0
119284.0
119755.0
119887.0
122500.0
122984.0
123773.0
124257.0
124741.0
125224.0
125707.0
126190.0
126673.0
127157.0
127641.0
128124.0
128507.0
128890.0
129373.0
129857.0
130341.0
130824.0
131307.0
131790.0
132273.0
132757.0
133240.0
133723.0
134206.0
134689.0
135172.0
135656.0
136139.0
136623.0
137106.0
137589.0
138072.0
138555.0
139038.0
