20.0
345.0
682.0
972.0
1320.0
1680.0
2028.0
2365.0
2690.0
3038.0
3363.0
3699.0
4024.0
4361.0
4698.0
5023.0
5359.0
5696.0
6021.0
6369.0
6694.0
7020.0
7368.0
7693.0
8029.0
8366.0
8680.0
9028.0
9365.0
9690.0
10026.0
10363.0
10688.0
11025.0
11362.0
11698.0
12023.0
12360.0
12697.0
13022.0
13369.0
13695.0
14020.0
14368.0
14682.0
15029.0
15366.0
15691.0
16016.0
16364.0
16690.0
17026.0
17363.0
17699.0
18024.0
18361.0
18698.0
19023.0
19360.0
20023.0
20359.0
20684.0
20789.0
21000.0
21010.0
21358.0
21683.0
21788.0
22010.0
22358.0
22683.0
22788.0
23010.0
23358.0
23683.0
23788.0
24010.0
24358.0
24683.0
24788.0
25010.0
25358.0
25683.0
25788.0
26010.0
26358.0
26683.0
26788.0
27010.0
27358.0
27683.0
27788.0
28010.0
28358.0
28683.0
28788.0
29010.0
29358.0
29683.0
29788.0
30010.0
30358.0
30683.0
30788.0
31010.0
31358.0
31683.0
31788.0
32010.0
32358.0
32683.0
32788.0
33010.0
33358.0
33683.0
33788.0
34010.0
34358.0
34683.0
34788.0
35010.0
35358.0
35683.0
35788.0
36010.0
36358.0
36683.0
36788.0
37010.0
37358.0
37683.0
40023.0
40255.0
40487.0
40696.0
40939.0
41160.0
41392.0
41624.0
41845.0
42065.0
42309.0
42530.0
42750.0
42971.0
43215.0
43435.0
43656.0
43888.0
44109.0
44341.0
44573.0
44805.0
45037.0
45258.0
45478.0
45710.0
45942.0
46175.0
46395.0
46627.0
46848.0
47070.0
47302.0
47522.0
47755.0
47987.0
48207.0
48439.0
48672.0
48904.0
49124.0
49357.0
49577.0
49809.0
50041.0
50262.0
50494.0
50726.0
50947.0
51167.0
51400.0
51620.0
51852.0
52073.0
52305.0
52537.0
52758.0
52990.0
53210.0
53442.0
53675.0
53895.0
54127.0
54348.0
54580.0
54801.0
55033.0
55253.0
55485.0
55718.0
55938.0
60027.0
60341.0
60654.0
60980.0
61281.0
61618.0
61931.0
62245.0
62558.0
62883.0
63185.0
63510.0
63823.0
64137.0
64450.0
64775.0
65077.0
65380.0
65705.0
66018.0
66332.0
66657.0
66960.0
67273.0
67586.0
67899.0
68213.0
68526.0
68840.0
69153.0
69467.0
69780.0
70094.0
70396.0
70721.0
71023.0
71336.0
71650.0
71963.0
72277.0
72580.0
72905.0
73218.0
73520.0
73833.0
74147.0
74450.0
74775.0
75088.0
75390.0
75704.0
76029.0
76342.0
76656.0
76969.0
77282.0
77596.0
77910.0
78223.0
78536.0
78850.0
79152.0
79465.0
79789.0
80020.0
80345.0
80670.0
80983.0
81320.0
81645.0
81981.0
82295.0
82632.0
82957.0
83282.0
83607.0
83920.0
84257.0
84594.0
84919.0
85244.0
85570.0
85895.0
86210.0
86523.0
86859.0
87184.0
87509.0
87823.0
88159.0
88484.0
88809.0
89123.0
89460.0
89773.0
90098.0
90423.0
90748.0
91073.0
91398.0
91723.0
92048.0
92373.0
92687.0
93012.0
93337.0
93674.0
93987.0
94312.0
94626.0
94951.0
95287.0
95601.0
95914.0
96251.0
96564.0
96889.0
97214.0
97528.0
97853.0
98189.0
98503.0
98828.0
99153.0
99467.0
99792.0
100020.0
100391.0
100542.0
100786.0
101053.0
101308.0
101587.0
101854.0
102109.0
102388.0
102655.0
102922.0
103189.0
103456.0
103723.0
103989.0
104256.0
104523.0
104779.0
105057.0
105324.0
105591.0
105846.0
106125.0
106392.0
106648.0
106915.0
107193.0
107449.0
107716.0
107994.0
108250.0
108517.0
108784.0
109051.0
109306.0
109585.0
109840.0
110107.0
110386.0
110653.0
110920.0
111187.0
111454.0
111721.0
111988.0
112255.0
112522.0
112790.0
113045.0
113324.0
113591.0
113846.0
114125.0
114392.0
114647.0
114926.0
115193.0
115448.0
115715.0
115982.0
116249.0
116516.0
116783.0
117049.0
117316.0
117583.0
117840.0
118107.0
118300.0
120020.0
120357.0
120694.0
121018.0
121367.0
121692.0
122017.0
122354.0
122690.0
123015.0
123352.0
123699.0
124024.0
124350.0
124698.0
125023.0
125359.0
125696.0
126021.0
126358.0
126694.0
127020.0
127356.0
127681.0
128029.0
128354.0
128691.0
129016.0
129352.0
129689.0
130026.0
130351.0
130699.0
131024.0
131350.0
131698.0
132023.0
132359.0
132696.0
133021.0
133358.0
133695.0
134020.0
134357.0
134693.0
135018.0
135355.0
135692.0
136017.0
136354.0
136690.0
137027.0
137352.0
137699.0
138024.0
138350.0
