2500.0
2900.0
3400.0
3800.0
4000.0
4100.0
4200.0
4300.0
4400.0
4500.0
4600.0
4700.0
4800.0
5000.0
5200.0
5600.0
9300.0
10000.0
10400.0
10800.0
11000.0
11100.0
11200.0
11200.0
11300.0
11400.0
11500.0
11600.0
11600.0
11700.0
12000.0
12100.0
12500.0
12900.0
13400.0
13800.0
14000.0
14400.0
14800.0
15200.0
15600.0
16000.0
16400.0
16800.0
17200.0
17600.0
18000.0
18400.0
18800.0
19200.0
19600.0
19900.0
20000.0
20339.0
20678.0
21017.0
22056.0
22495.0
22834.0
23273.0
23712.0
24151.0
24590.0
24819.0
25078.0
25339.0
25678.0
26017.0
26357.0
28017.0
28456.0
28895.0
29234.0
29357.0
29590.0
29839.0
30078.0
30339.0
30578.0
30819.0
31059.0
31398.0
31637.0
31759.0
31998.0
32234.0
32773.0
33212.0
33334.0
33556.0
33773.0
33895.0
34017.0
34137.0
34357.0
34578.0
34798.0
35034.0
35373.0
35812.0
36251.0
36373.0
36594.0
36816.0
36937.0
37056.0
37178.0
37399.0
37521.0
37643.0
37765.0
37886.0
38008.0
38130.0
38251.0
38373.0
38594.0
38816.0
39034.0
39390.0
40357.0
40812.0
41639.0
42465.0
42919.0
43374.0
43829.0
44284.0
44739.0
45194.0
45649.0
46104.0
46559.0
46914.0
47369.0
47824.0
50000.0
50455.0
50910.0
51365.0
51820.0
52275.0
52730.0
53185.0
53640.0
54095.0
54550.0
55005.0
55460.0
55915.0
56370.0
56825.0
57280.0
57735.0
58189.0
58644.0
59099.0
59554.0
59999.0
60300.0
60400.0
60600.0
61200.0
61400.0
61800.0
62200.0
62600.0
63000.0
63400.0
63800.0
64200.0
64600.0
65000.0
65400.0
65800.0
66000.0
66100.0
66200.0
66300.0
66400.0
66500.0
66600.0
66800.0
67200.0
67600.0
68000.0
68400.0
70800.0
71200.0
71600.0
72000.0
72400.0
72800.0
73200.0
73600.0
73900.0
74500.0
75000.0
75400.0
75800.0
76000.0
76100.0
76200.0
76300.0
76400.0
76600.0
76800.0
77200.0
77600.0
78000.0
78400.0
78800.0
79200.0
79600.0
80300.0
80400.0
80600.0
81200.0
81400.0
81800.0
82200.0
82600.0
82800.0
83200.0
83600.0
83800.0
84000.0
84200.0
85200.0
85800.0
86200.0
86400.0
87000.0
87400.0
87600.0
87800.0
88000.0
88200.0
88400.0
88600.0
88800.0
89000.0
89200.0
89400.0
89600.0
89800.0
90000.0
90200.0
90400.0
90600.0
90800.0
91000.0
91200.0
91400.0
91600.0
94800.0
95300.0
95500.0
95600.0
95800.0
96000.0
96200.0
96400.0
96600.0
96800.0
97000.0
97200.0
97400.0
97600.0
97800.0
98000.0
98200.0
98400.0
98600.0
98800.0
99000.0
99200.0
99400.0
99600.0
99800.0
100357.0
100811.0
105185.0
105639.0
106094.0
106102.0
106548.0
108836.0
109290.0
110019.0
110019.0
110519.0
110575.0
110595.0
110753.0
111102.0
111111.0
111139.0
111149.0
111556.0
111594.0
111603.0
111667.0
112031.0
112031.0
112048.0
112057.0
112500.0
112511.0
113068.0
113068.0
113581.0
113650.0
113845.0
114168.0
114204.0
114399.0
114681.0
114758.0
114982.0
115294.0
115312.0
115575.0
115866.0
115876.0
116168.0
116459.0
116459.0
116761.0
116913.0
116969.0
117041.0
117354.0
117367.0
117595.0
117803.0
117950.0
118168.0
118531.0
118739.0
118750.0
119114.0
119333.0
119568.0
119886.0
119916.0
120382.0
120941.0
121501.0
122273.0
122500.0
123169.0
123838.0
124498.0
125157.0
125817.0
126476.0
127136.0
127795.0
128455.0
129114.0
129674.0
130002.0
130332.0
130661.0
131001.0
131340.0
131679.0
132019.0
132358.0
133332.0
134114.0
134774.0
135434.0
136095.0
136535.0
137095.0
137535.0
138096.0
138536.0
139097.0
139537.0
139978.0
