2983.0
4367.0
4811.0
5255.0
5799.0
6243.0
6687.0
7131.0
7575.0
8019.0
8463.0
8907.0
9351.0
9795.0
10076.0
10937.0
11218.0
11599.0
12043.0
12487.0
12868.0
13212.0
13593.0
14037.0
14481.0
14862.0
15206.0
15587.0
15868.0
16414.0
16958.0
17502.0
18046.0
18489.0
18870.0
19251.0
19695.0
20357.0
20682.0
21008.0
21334.0
21659.0
22085.0
22511.0
23182.0
23407.0
23733.0
24059.0
24385.0
24711.0
25037.0
25363.0
25689.0
26015.0
26341.0
26667.0
27239.0
28511.0
29182.0
29407.0
29733.0
40353.0
40442.0
40814.0
41530.0
42162.0
42979.0
43451.0
43530.0
43610.0
43788.0
43867.0
44045.0
44124.0
44203.0
44380.0
44851.0
45999.0
46371.0
48294.0
48527.0
49099.0
49471.0
50288.0
50759.0
51230.0
51562.0
52034.0
53080.0
53551.0
54023.0
54494.0
55066.0
55538.0
56110.0
56581.0
58023.0
58494.0
59110.0
59581.0
59913.0
60113.0
60384.0
60655.0
61277.0
64900.0
65171.0
65615.0
66059.0
66503.0
66947.0
67218.0
67589.0
67960.0
68320.0
68764.0
69208.0
69579.0
70023.0
70467.0
70911.0
71355.0
71899.0
72269.0
72640.0
73000.0
73369.0
73813.0
74257.0
74701.0
75145.0
75689.0
76133.0
76587.0
77031.0
77485.0
77929.0
78373.0
78817.1
80329.0
80758.0
81288.0
81966.0
82496.0
83026.0
83555.0
84085.0
84614.0
85144.0
85922.0
86849.0
87966.0
88496.0
89026.0
89555.0
90085.0
90614.0
90973.0
91403.0
91832.0
92261.0
92791.0
93329.0
93859.0
94218.0
96434.0
96893.0
97352.0
97882.0
98341.0
98861.0
99329.0
99859.0
100357.0
100682.0
101008.0
101334.0
104386.0
104931.0
105476.0
106122.0
106767.0
107313.0
107948.0
108699.0
109450.0
109995.0
120357.0
120682.0
121008.0
121334.0
121659.0
122085.0
122511.0
123159.0
123807.0
123923.0
124039.0
124155.0
124271.0
124387.0
124503.0
124619.0
124735.0
125161.0
125486.0
130486.0
131229.0
131345.0
131461.0
131577.0
131693.0
131809.0
131925.0
132041.0
132157.0
132273.0
132389.0
132505.0
133913.0
134561.0
134776.0
135008.0
135334.0
135659.0
136085.0
136601.0
137117.0
137443.0
137769.0
138095.0
138421.0
138747.0
139073.0
139499.0
