2500.0
2900.0
3200.0
3400.0
3500.0
3600.0
3800.0
4000.0
4200.0
4300.0
4600.0
5000.0
5200.0
5400.0
5600.0
5800.0
6200.0
6400.0
6600.0
6800.0
7000.0
7200.0
7400.0
7800.0
8000.0
8200.0
8400.0
8600.0
9000.0
9200.0
9400.0
9800.0
10000.0
10200.0
10400.0
10600.0
10800.0
10900.0
11100.0
11200.0
11400.0
11500.0
11600.0
11800.0
11900.0
12000.0
12200.0
12400.0
12600.0
12800.0
13000.0
13200.0
13400.0
13600.0
13800.0
14000.0
14200.0
14400.0
14600.0
14800.0
14900.0
15100.0
15200.0
15400.0
15600.0
15800.0
16000.0
16200.0
16400.0
16600.0
16800.0
17000.0
17200.0
17400.0
17600.0
17800.0
17900.0
18100.0
18200.0
18400.0
18600.0
18800.0
19000.0
19200.0
19400.0
19600.0
19800.0
20353.0
21000.0
22768.0
23190.0
23611.0
24032.0
24453.0
24974.0
25495.0
29172.0
30290.0
30472.0
30589.0
30811.0
30893.0
31010.0
31232.0
31314.0
31431.0
31653.0
31735.0
31852.0
32074.0
32156.0
32273.0
32495.0
32577.0
32694.0
32916.0
32998.0
33115.0
33337.0
33419.0
33536.0
33758.0
33840.0
33957.0
34179.0
34261.0
34378.0
34600.0
34682.0
34899.0
35021.0
35103.0
35320.0
35442.0
35524.0
35741.0
35863.0
36162.0
36284.0
36583.0
36705.0
37004.0
37126.0
37425.0
37547.0
37846.0
38267.0
38688.0
38968.0
39109.0
39389.0
39530.0
39810.0
39951.0
42500.0
42984.0
43468.0
43952.0
44195.0
44437.0
44680.0
44923.0
45166.0
45409.0
45652.0
45895.0
46137.0
46380.0
46623.0
46866.0
47109.0
47352.0
47595.0
47837.0
48080.0
48323.0
48566.0
48809.0
49052.0
49295.0
49537.0
49780.0
50023.0
50266.0
50509.0
50752.0
51137.0
51380.0
51623.0
51866.0
52009.0
52152.0
52295.0
52437.0
52580.0
52723.0
52866.0
53009.0
53152.0
53395.0
53637.0
53880.0
54123.0
54366.0
54609.0
54852.0
55109.0
55352.0
55595.0
55837.0
56080.0
56323.0
56468.0
56611.0
56755.0
56898.0
57041.0
57185.0
57328.0
57472.0
57615.0
57758.0
57901.0
62500.0
62984.0
63468.0
63952.0
64436.0
64920.0
65404.0
65887.0
66261.0
66635.0
67009.0
67383.0
67757.0
68131.0
68505.0
68879.0
69253.0
69627.0
70001.0
70375.0
70858.0
71232.0
71606.0
72080.0
72454.0
72828.0
73202.0
73576.0
73949.0
74323.0
74697.0
75071.0
75445.0
75819.0
76193.0
76566.0
76939.0
77413.0
77887.0
78261.0
78735.0
79109.0
79288.0
79468.0
79647.0
79827.0
79887.0
79949.0
80019.0
80080.0
80141.0
80202.0
80263.0
80324.0
80385.0
80446.0
80507.0
80568.0
80629.0
80690.0
80751.0
80812.0
80873.0
80934.0
80995.0
82500.0
82984.0
83468.0
83952.0
84194.0
84435.0
84677.0
84919.0
85161.0
85403.0
85645.0
85887.0
86129.0
86371.0
86613.0
86855.0
87097.0
87339.0
87581.0
87823.0
88065.0
88307.0
88549.0
88791.0
89033.0
89275.0
89517.0
89759.0
90000.0
90242.0
90484.0
90726.0
90968.0
91210.0
91452.0
91694.0
91935.0
92177.0
92419.0
92661.0
92903.0
93145.0
93387.0
93629.0
93871.0
94113.0
94355.0
94597.0
94839.0
95081.0
95323.0
95565.0
95807.0
96049.0
96291.0
96533.0
96775.0
97017.0
97259.0
97501.0
97743.0
98117.0
98359.0
98611.0
98853.0
99095.0
99337.0
100357.0
100882.0
101882.0
102698.0
103042.0
103487.0
103912.0
104157.0
104698.0
105143.0
105588.0
106033.0
106478.0
106912.0
107357.0
107882.0
108317.0
108750.0
109285.0
109902.0
110619.0
110864.0
111008.0
111157.0
111402.0
111541.0
111681.0
111820.0
112065.0
112205.0
112345.0
112487.0
112627.0
112768.0
112902.0
113437.0
113882.0
114127.0
114268.0
114402.0
114541.0
114681.0
114820.0
115065.0
115205.0
115345.0
115487.0
115627.0
115768.0
115902.0
116437.0
116882.0
117417.0
117864.0
118008.0
118143.0
118285.0
118425.0
118565.0
118705.0
118845.0
119089.0
119229.0
119369.0
119509.0
119649.0
119789.0
120000.0
120333.0
120500.0
120667.0
121000.0
122000.0
122333.0
122500.0
122667.0
122833.0
123000.0
123167.0
123500.0
123667.0
123750.0
124250.0
124333.0
124417.0
124486.0
124500.0
124667.0
124750.0
124833.0
125000.0
125250.0
125333.0
125500.0
125667.0
125833.0
126000.0
126250.0
126500.0
129167.0
129333.0
130000.0
130333.0
130500.0
130667.0
130833.0
130917.0
131000.0
131167.0
131250.0
131333.0
131500.0
131667.0
131833.0
132000.0
132333.0
132500.0
132667.0
132833.0
134167.0
134333.0
134500.0
134667.0
134833.0
134917.0
135000.0
135167.0
135250.0
135333.0
135500.0
135667.0
135833.0
136000.0
139083.0
