0.0
286.0
571.0
857.0
1143.0
1429.0
1714.0
2143.0
2286.0
2429.0
2571.0
2714.0
2857.0
3000.0
3071.0
3143.0
3294.0
3429.0
3571.0
3714.0
3857.0
4000.0
4286.0
4429.0
4714.0
8571.0
9143.0
9286.0
9429.0
9571.0
9714.0
9857.0
10000.0
10286.0
10571.0
10714.0
11143.0
11429.0
14286.0
14571.0
14714.0
15000.0
15286.0
15429.0
15571.0
15714.0
15857.0
16000.0
16286.0
16571.0
16714.0
16857.0
17143.0
17429.0
17714.0
18000.0
18571.0
19000.0
19429.0
19714.0
20000.0
20455.0
20909.0
21364.0
21818.0
22273.0
22727.0
23182.0
23636.0
24091.0
24545.0
25000.0
25455.0
25909.0
26364.0
26818.0
27273.0
27727.0
28182.0
28636.0
29091.0
29545.0
29995.0
40357.0
40814.0
42116.0
42571.0
42928.0
43285.0
43740.0
44196.0
44651.0
45107.0
45563.0
46019.0
46475.0
46931.0
47387.0
51529.0
52116.0
52842.0
53063.0
53285.0
53740.0
54196.0
54651.0
55107.0
55563.0
59107.0
59563.0
59887.0
60459.0
60682.0
60905.0
61128.0
61351.0
61574.0
61797.0
62269.0
62740.0
63212.0
63684.0
64156.0
64628.0
65100.0
65574.0
66146.0
66718.0
70100.0
70323.0
70546.0
70769.0
71128.0
71351.0
71574.0
71797.0
72156.0
72269.0
74530.0
74643.0
74756.0
74869.0
75092.0
75315.0
75538.0
75769.0
76128.0
76501.0
76973.0
77445.0
77815.0
78178.0
78291.0
78404.0
78517.0
78630.0
78743.0
78856.0
79079.0
79202.0
79315.0
79538.0
79769.0
79882.0
79995.0
80357.0
80811.0
85185.0
85639.0
86094.0
86548.0
87002.0
87456.0
87910.0
88364.0
88818.0
89273.0
89727.0
90182.0
90636.0
91091.0
91545.0
92000.0
92454.0
92908.0
93363.0
93817.0
94272.0
94726.0
95181.0
95635.0
96089.0
96543.0
97000.0
97454.0
97908.0
98363.0
98817.0
99272.0
99726.0
99949.0
100300.0
100400.0
100600.0
101200.0
101400.0
101800.0
102000.0
102400.0
102600.0
102800.0
103000.0
103200.0
103400.0
103500.0
103600.0
103800.0
104000.0
104200.0
104400.0
104600.0
105200.0
105400.0
106000.0
106200.0
106400.0
107200.0
108000.0
108200.0
110000.0
110200.0
110400.0
110800.0
111000.0
111400.0
111600.0
111800.0
112000.0
112200.0
112400.0
112500.0
112600.0
112800.0
113000.0
113300.0
113400.0
113500.0
113600.0
113800.0
114000.0
114300.0
114400.0
114800.0
115000.0
115200.0
115600.0
115800.0
116000.0
118000.0
118200.0
118400.0
118600.0
119200.0
119400.0
119800.0
119900.0
120000.0
120100.0
120200.0
120300.0
120400.0
120400.0
120500.0
120600.0
120600.0
120800.0
121000.0
121200.0
121400.0
121600.0
121800.0
122000.0
122200.0
122400.0
122600.0
122800.0
123000.0
123200.0
123400.0
123600.0
123800.0
124000.0
124200.0
124400.0
124600.0
125000.0
125200.0
125400.0
125600.0
125800.0
126000.0
126200.0
126400.0
126600.0
126800.0
127000.0
127200.0
127400.0
127600.0
127800.0
128000.0
128200.0
128400.0
128600.0
130000.0
130200.0
130400.0
130600.0
130800.0
131000.0
131200.0
131400.0
131600.0
131800.0
132000.0
132200.0
132400.0
132600.0
132800.0
133000.0
133200.0
133400.0
133600.0
133800.0
134000.0
134200.0
134400.0
134600.0
134800.0
135000.0
135200.0
135400.0
135600.0
135800.0
136000.0
136200.0
136400.0
136600.0
136800.0
137000.0
137200.0
137400.0
137600.0
137800.0
138000.0
138200.0
138400.0
138600.0
138800.0
139000.0
139200.0
139400.0
139600.0
139800.0
