2500.0
2984.0
3468.0
3952.0
4194.0
4435.0
4677.0
4919.0
5161.0
5403.0
5645.0
5887.0
6129.0
6371.0
6613.0
6855.0
7097.0
7339.0
7581.0
7823.0
8065.0
8307.0
8549.0
8791.0
9033.0
9275.0
9517.0
9759.0
9901.0
10435.0
10819.0
11161.0
11545.0
11929.0
12313.0
12555.0
12797.0
13039.0
13281.0
13523.0
13765.0
14007.0
14249.0
14491.0
14733.0
15117.0
15409.0
15661.0
15803.0
15945.0
16087.0
16229.0
16371.0
16513.0
16655.0
16897.0
17139.0
17381.0
17523.0
17665.0
17807.0
17949.0
18194.0
18435.0
18677.0
18919.0
19161.0
19403.0
22500.0
22984.0
23468.0
23952.0
24194.0
24435.0
24677.0
24919.0
25161.0
25403.0
25645.0
25887.0
26129.0
26371.0
26613.0
26855.0
27097.0
27339.0
27581.0
27823.0
28065.0
28307.0
28549.0
28791.0
29033.0
29275.0
29517.0
29759.0
29901.0
30043.0
30185.0
30327.0
30468.0
30610.0
40353.0
40706.0
42118.0
42471.0
42824.0
43176.0
52176.0
52529.0
52882.0
53059.0
53235.0
53412.0
53588.0
53765.0
53941.0
54118.0
54294.0
54471.0
54647.0
54824.0
55000.0
55176.0
55353.0
55529.0
55706.0
55882.0
56059.0
56235.0
56412.0
56588.0
56765.0
56941.0
57118.0
57294.0
57471.0
57647.0
57824.0
58000.0
58176.0
58353.0
58529.0
58706.0
58882.0
59059.0
59235.0
59412.0
59588.0
59765.0
59941.0
61000.0
62500.0
62984.0
63468.0
63952.0
64195.0
64437.0
64680.0
64923.0
65166.0
65409.0
65652.0
65895.0
66137.0
66380.0
66623.0
66866.0
67109.0
67352.0
68500.0
68974.0
69447.0
69921.0
70395.0
70869.0
71243.0
71617.0
72091.0
72465.0
72839.0
73213.0
73587.0
73830.0
74073.0
74316.0
74559.0
74802.0
75045.0
75188.0
75331.0
75474.0
75617.0
75760.0
75903.0
76045.0
76188.0
76331.0
76474.0
76617.0
76760.0
76903.0
77045.0
77188.0
77331.0
77474.0
77617.0
77760.0
77903.0
78045.0
78188.0
78331.0
78474.0
78617.0
78760.0
78903.0
79045.0
79188.0
79331.0
79474.0
80353.0
80706.0
82118.0
82471.0
82824.0
83176.0
92176.0
92529.0
92882.0
93059.0
93235.0
93412.0
93588.0
93765.0
93941.0
94118.0
94294.0
94471.0
94647.0
94824.0
95000.0
95176.0
95353.0
95529.0
95706.0
95882.0
96059.0
96235.0
96412.0
96588.0
96765.0
96941.0
97118.0
97294.0
97471.0
97647.0
97824.0
98000.0
98176.0
98353.0
98529.0
98706.0
98882.0
99059.0
99235.0
99412.0
99588.0
99765.0
102500.0
102984.0
103468.0
103952.0
104194.0
104435.0
104677.0
104919.0
105161.0
105403.0
105645.0
105887.0
106129.0
106371.0
106613.0
106855.0
107097.0
107339.0
107581.0
107823.0
108065.0
108307.0
108549.0
108791.0
109033.0
109275.0
109517.0
109759.0
109901.0
110143.0
110385.0
110627.0
110869.0
111111.0
111353.0
111595.0
111837.0
112079.0
112321.0
112563.0
112805.0
113047.0
113289.0
113531.0
113773.0
114015.0
114257.0
114499.0
114741.0
114983.0
115225.0
115467.0
115709.0
115951.0
116193.0
116435.0
116677.0
116919.0
117161.0
117403.0
117645.0
117887.0
118129.0
118371.0
118613.0
118855.0
119097.0
119339.0
122500.0
122984.0
123468.0
123952.0
124194.0
124435.0
124677.0
124919.0
125161.0
125403.0
125645.0
125887.0
126129.0
126371.0
126613.0
126855.0
127097.0
127339.0
127581.0
128065.0
128887.0
129968.0
130452.0
130836.0
131219.0
131501.0
131743.0
132227.0
132611.0
133095.0
133478.0
133862.0
134245.0
134628.0
135012.0
135395.0
135637.0
135879.0
136121.0
136363.0
136605.0
136847.0
137089.0
137331.0
137573.0
137815.0
138537.0
139815.0
139952.0
140194.0
140435.0
140677.0
140919.0
