20.0
368.0
751.0
1146.0
1529.0
1924.0
2320.0
2714.0
3109.0
3492.0
3887.0
4282.0
4677.0
5060.0
5455.0
5849.0
6244.0
6639.0
7034.0
7429.0
7812.0
8207.0
8590.0
8997.0
9380.0
9775.0
10170.0
10565.0
10959.0
11354.0
11737.0
12132.0
12527.0
12922.0
13317.0
13711.0
14106.0
14490.0
14885.0
15279.0
15686.0
16080.0
16475.0
16870.0
17265.0
17648.0
18055.0
18449.0
18844.0
19239.0
19634.0
19866.0
19982.0
19982.0
19982.0
20239.0
20459.0
20680.0
20877.0
21109.0
21330.0
21551.0
21771.0
21992.0
22213.0
22433.0
22654.0
22875.0
23095.0
23316.0
23536.0
23757.0
23978.0
24198.0
24407.0
24628.0
24859.0
25079.0
25288.0
25509.0
25730.0
25950.0
26171.0
26392.0
26612.0
26833.0
27054.0
27274.0
27495.0
27715.0
27924.0
28145.0
28377.0
28598.0
28818.0
29039.0
29248.0
29457.0
29689.0
29909.0
30118.0
30339.0
30559.0
30779.0
31000.0
31219.0
31439.0
31660.0
31879.0
32099.0
32319.0
32530.0
32751.0
32971.0
33180.0
33401.0
33622.0
33842.0
34063.0
34284.0
34493.0
34713.0
34934.0
35155.0
35375.0
35590.0
40027.0
40352.0
40689.0
41014.0
41350.0
41687.0
42024.0
42350.0
42686.0
43023.0
43348.0
43685.0
44021.0
44358.0
44683.0
45020.0
45356.0
45681.0
46018.0
46355.0
46680.0
47028.0
47353.0
47690.0
48026.0
48351.0
48699.0
49024.0
49350.0
49686.0
50023.0
50359.0
50684.0
51021.0
51358.0
51683.0
52020.0
52356.0
52681.0
53029.0
53354.0
53680.0
54016.0
54353.0
54689.0
55026.0
55351.0
55688.0
56025.0
56350.0
56686.0
57023.0
57359.0
57684.0
58021.0
58358.0
58683.0
59020.0
59356.0
59681.0
60020.0
60391.0
60740.0
61088.0
61450.0
61693.0
61844.0
62192.0
62554.0
62902.0
63249.0
63621.0
63970.0
64318.0
64666.0
64909.0
65060.0
65419.0
65768.0
66128.0
66488.0
66824.0
67184.0
67544.0
67893.0
68230.0
68590.0
68949.0
69286.0
69658.0
69995.0
70366.0
70715.0
71063.0
71423.0
71771.0
72120.0
72456.0
72816.0
73164.0
73513.0
73872.0
74221.0
74570.0
74918.0
75266.0
75614.0
75963.0
76311.0
76659.0
76996.0
77379.0
77727.0
78076.0
78424.0
78772.0
79120.0
79469.0
79817.0
80024.0
80372.0
80581.0
80697.0
80894.0
81022.0
81173.0
81289.0
81486.0
81626.0
81730.0
81904.0
82032.0
82183.0
82299.0
82473.0
82612.0
82763.0
82880.0
83042.0
83169.0
83320.0
83459.0
83599.0
83749.0
83877.0
84016.0
84156.0
84307.0
84423.0
84585.0
84725.0
84876.0
85003.0
85166.0
85282.0
85444.0
85572.0
85735.0
85874.0
86025.0
86164.0
86303.0
86454.0
86594.0
86745.0
86872.0
87023.0
87174.0
87302.0
87464.0
87592.0
87731.0
87894.0
88010.0
88172.0
88312.0
88451.0
88590.0
88741.0
88880.0
89019.0
89170.0
89321.0
89459.0
89599.0
89738.0
89890.0
90029.0
90179.0
90320.0
90459.0
90599.0
90730.0
100239.0
100587.0
100865.0
101248.0
101557.0
101824.0
102187.0
102485.0
102848.0
103147.0
103472.0
103781.0
104129.0
104443.0
104779.0
105088.0
105440.0
105749.0
106085.0
106384.0
106719.0
106997.0
107352.0
107661.0
107971.0
108323.0
108648.0
108963.0
109272.0
109608.0
109923.0
110259.0
110568.0
110883.0
111208.0
111523.0
111848.0
112163.0
112488.0
112803.0
113149.0
113448.0
113757.0
114083.0
114408.0
114723.0
115059.0
115373.0
115683.0
116019.0
116333.0
116669.0
116984.0
117293.0
117603.0
117949.0
118264.0
118573.0
118909.0
119235.0
119559.0
119869.0
120020.0
120357.0
120694.0
121020.0
121345.0
121681.0
122018.0
122355.0
122680.0
123028.0
123353.0
123690.0
124027.0
124352.0
124689.0
125025.0
125350.0
125687.0
126024.0
126350.0
126686.0
127023.0
127359.0
127684.0
128021.0
128358.0
128694.0
129020.0
129356.0
129693.0
130018.0
130355.0
130692.0
131028.0
131353.0
131690.0
132026.0
132351.0
132699.0
133024.0
133350.0
133686.0
134023.0
134359.0
134684.0
135021.0
135358.0
135683.0
136020.0
136356.0
136693.0
137029.0
137354.0
137680.0
138028.0
138353.0
138689.0
139026.0
