400.0
600.0
1200.0
1800.0
4800.0
5800.0
6200.0
6400.0
6800.0
7000.0
7400.0
7600.0
7700.0
7800.0
8000.0
8200.0
8400.0
8600.0
8800.0
9000.0
9200.0
9600.0
10000.0
10600.0
10800.0
16400.0
17200.0
17600.0
17800.0
18000.0
18200.0
18400.0
18600.0
18800.0
19000.0
19200.0
19600.0
20353.0
20442.0
20814.0
21530.0
22247.0
22599.0
22814.0
23029.0
23108.0
23296.0
23475.0
23653.0
23814.0
24029.0
24247.0
24409.0
24761.0
25814.0
26076.0
26296.0
26475.0
26653.0
26814.0
27076.0
27338.0
27558.0
27814.0
28866.0
29128.0
29480.0
29842.0
30062.0
30324.0
30562.0
30824.0
31186.0
31448.0
31814.0
32176.0
33128.0
33480.0
33842.0
34204.0
34409.0
34588.0
34761.0
35023.0
35204.0
35383.0
35562.0
35741.0
35824.0
36005.0
36186.0
36448.0
36704.0
36883.0
37062.0
37241.0
37409.0
37588.0
37761.0
37941.0
38128.0
38307.0
38484.0
38663.0
38842.0
39000.0
40353.0
40706.0
42188.0
42541.0
42904.0
43257.0
43610.0
43963.0
44316.0
44669.0
45022.0
45375.0
45498.0
46110.0
46233.0
46586.0
46706.0
46829.0
46952.0
47075.0
47198.0
47321.0
47444.0
48522.0
48776.0
49439.0
50517.0
50869.0
51222.0
51575.0
51796.0
51919.0
52041.0
52164.0
52287.0
52409.0
52532.0
52655.0
52776.0
52899.0
53022.0
53145.0
53268.0
53390.0
53517.0
53639.0
53762.0
53885.0
54008.0
54131.0
54254.0
54375.0
54599.0
54821.0
55041.0
55404.0
55757.0
56110.0
56331.0
56813.0
57295.0
57648.0
57901.0
58254.0
58610.0
58831.0
60352.0
60441.0
60817.0
62293.0
62669.0
63145.0
65770.0
66145.0
66234.0
66566.0
66655.0
66987.0
67076.0
67308.0
67397.0
67630.0
67719.0
68095.0
68184.0
68416.0
68506.0
68882.0
69595.0
70071.0
70547.0
71023.0
72499.0
73975.0
76451.0
76541.0
76873.0
76962.0
77294.0
77383.0
77615.0
77704.0
78036.0
78412.0
78988.0
79464.0
79940.0
79940.0
79940.0
79940.0
79940.0
79940.0
79940.0
79940.0
79940.0
79940.0
79940.0
79940.0
79940.0
79940.0
79940.0
79940.0
79940.0
79940.0
79940.0
79940.0
79940.0
79940.0
79940.0
79940.0
79940.0
79940.0
79940.0
79940.0
79940.0
79940.0
79940.0
80353.0
80706.0
82188.0
82541.0
82994.0
83819.0
84002.0
84188.0
84471.0
84657.0
84843.0
85029.0
85215.0
85401.0
85587.0
85773.0
86055.0
86241.0
86427.0
86613.0
86895.0
87081.0
88118.0
88571.0
89024.0
89477.0
89930.0
90016.0
90102.0
90188.0
90274.0
90360.0
90536.0
90713.0
90889.0
91065.0
91241.0
91417.0
91593.0
94471.0
94824.0
95277.0
95730.0
96183.0
96636.0
97089.0
97542.0
98004.0
98457.0
98910.0
99086.0
99262.0
99438.0
99614.0
99790.0
99966.0
100329.0
100478.0
100628.0
100777.0
100927.0
101076.0
101226.0
101375.0
101525.0
101674.0
101824.0
101973.0
102123.0
102272.0
102422.0
102571.0
102721.0
102870.0
103019.0
103169.0
103318.0
103468.0
103617.0
103955.0
104293.0
104631.0
106659.0
106997.0
107335.0
107853.0
108191.0
108529.0
108867.0
109205.0
109543.0
109881.0
110219.0
110557.0
110895.0
111233.0
111471.0
111709.0
111947.0
112285.0
112623.0
112861.0
113199.0
113537.0
113875.0
114213.0
114551.0
114889.0
115227.0
115565.0
115903.0
116241.0
116479.0
116717.0
116955.0
117293.0
117631.0
117869.0
118107.0
118256.0
118494.0
118732.0
118881.0
119020.0
120352.0
120441.0
120885.0
121094.0
121203.0
121420.0
121529.0
121638.0
121857.0
122049.0
122268.0
122352.0
122516.0
122670.0
122834.0
123178.0
123397.0
123516.0
123861.0
123970.0
124089.0
124208.0
124327.0
124546.0
124665.0
125010.0
125229.0
125348.0
125503.0
125847.0
125966.0
126085.0
126204.0
126323.0
126441.0
126559.0
126678.0
126897.0
127016.0
127461.0
127678.0
128023.0
128241.0
128459.0
128678.0
129123.0
129348.0
130397.0
130847.0
131292.0
131511.0
131629.0
131748.0
131867.0
132086.0
132205.0
132324.0
132443.0
132562.0
132680.0
132899.0
133244.0
133463.0
133682.0
134127.0
134472.0
134691.0
134809.0
134928.0
135046.0
135100.0
