8200.0
8400.0
8600.0
8800.0
9000.0
9200.0
9400.0
9600.0
9800.0
10000.0
10200.0
10400.0
10600.0
10800.0
11000.0
11200.0
11400.0
11600.0
11800.0
12000.0
12200.0
12400.0
12600.0
12800.0
13000.0
13200.0
13400.0
13600.0
13800.0
14000.0
14200.0
14400.0
14600.0
14800.0
15000.0
15200.0
15400.0
15600.0
15800.0
16000.0
16200.0
16400.0
16600.0
16800.0
17000.0
17200.0
17400.0
17600.0
17800.0
18000.0
18200.0
18400.0
18600.0
18800.0
19000.0
19200.0
19400.0
19600.0
19800.0
20353.0
22768.0
23000.0
23963.0
24205.0
24840.0
25182.0
25424.0
25666.0
25908.0
26150.0
26392.0
26634.0
26876.0
27118.0
27360.0
28000.0
28342.0
28584.0
28826.0
29068.0
29310.0
29552.0
29794.0
30036.0
30278.0
30520.0
30762.0
31004.0
31246.0
31488.0
31730.0
31972.0
32214.0
32456.0
32698.0
33000.0
33342.0
33584.0
33826.0
34068.0
34310.0
34552.0
34794.0
35036.0
35278.0
35520.0
35762.0
36004.0
36246.0
36488.0
36876.0
37118.0
37360.0
37602.0
37844.0
38086.0
38328.0
38570.0
38812.0
39054.0
39296.0
40353.0
40706.0
42118.0
42471.0
42824.0
43176.0
43529.0
43882.0
44335.0
44688.0
45041.0
45394.0
45746.0
46099.0
46452.0
46905.0
47258.0
47611.0
48064.0
48416.0
48539.0
48992.0
49345.0
49898.0
50251.0
50604.0
50727.0
51180.0
51533.0
51656.0
52118.0
52471.0
52824.0
53176.0
53529.0
53882.0
54335.0
54688.0
55041.0
55394.0
55517.0
55870.0
56223.0
56346.0
56799.0
57152.0
57375.0
57828.0
58181.0
58404.0
58867.0
59220.0
59573.0
59926.0
59949.0
60353.0
62768.0
63129.0
65105.0
65466.0
67442.0
67803.0
70009.0
70370.0
70691.0
70912.0
71133.0
71353.0
71574.0
71794.0
72015.0
72235.0
72456.0
72677.0
72898.0
73119.0
73340.0
73561.0
73782.0
74003.0
74224.0
74445.0
74666.0
74887.0
75108.0
75329.0
75550.0
75771.0
76259.0
76585.0
76956.0
77282.0
77653.0
78024.0
78355.0
78681.0
79052.0
79378.0
79749.0
79879.0
80353.0
80706.0
82118.0
82471.0
82824.0
83176.0
83529.0
83882.0
84335.0
90346.0
90809.0
91262.0
91725.0
92118.0
92176.0
92471.0
92639.0
92824.0
92901.0
93092.0
93176.0
93264.0
93529.0
93555.0
93727.0
93882.0
93918.0
94190.0
94235.0
94271.0
94588.0
94633.0
94653.0
94941.0
95096.0
95116.0
95394.0
95559.0
95579.0
95846.0
96022.0
96042.0
96299.0
96485.0
96505.0
96752.0
96968.0
97205.0
97431.0
98725.0
98882.0
99188.0
99345.0
99441.0
99808.0
99894.0
102500.0
102984.0
103468.0
103952.0
104195.0
104437.0
104680.0
104923.0
105166.0
105409.0
105652.0
105895.0
106137.0
106380.0
106623.0
106866.0
107109.0
107352.0
107595.0
107837.0
108080.0
108323.0
108566.0
108809.0
109052.0
109295.0
109537.0
109780.0
109923.0
110166.0
110409.0
110652.0
110895.0
111137.0
111380.0
111623.0
111866.0
112109.0
112352.0
112595.0
112837.0
113080.0
113323.0
113566.0
113809.0
114052.0
114295.0
114537.0
114780.0
115023.0
115266.0
115509.0
115752.0
116236.0
116479.0
116722.0
117205.0
117888.0
118571.0
119254.0
119936.0
120353.0
122788.0
123191.0
123645.0
124099.0
124553.0
125007.0
125461.0
125915.0
126139.0
126363.0
126587.0
126811.0
127365.0
127819.0
128043.0
128267.0
128491.0
128715.0
129169.0
129623.0
129936.0
130050.0
130164.0
130278.0
130402.0
130516.0
130630.0
130744.0
130858.0
131082.0
131858.0
132212.0
132326.0
132440.0
132554.0
132668.0
132782.0
132896.0
133010.0
133124.0
133238.0
133352.0
133466.0
133580.0
133694.0
133808.0
133922.0
134036.0
134150.0
134264.0
134378.0
134502.0
134616.0
134730.0
134844.0
134958.0
135072.0
135186.0
135300.0
135414.0
135528.0
135642.0
135756.0
135870.0
135984.0
136098.0
136212.0
140267.0
140414.0
140561.0
140708.0
140855.0
141000.0
141147.0
141294.0
141441.0
141588.0
142588.0
142725.0
142871.0
143018.0
143165.0
143312.0
143459.0
143606.0
143753.0
144284.0
144421.0
144558.0
144705.0
144852.0
145089.0
145226.0
145363.0
145500.0
145637.0
145774.0
145911.0
146048.0
146185.0
146322.0
146459.0
146596.0
146733.0
146860.0
147000.0
147137.0
147274.0
147512.0
147637.0
147774.0
147911.0
148048.0
148185.0
148322.0
148637.0
149000.0
149363.0
149826.0
150290.0
150421.0
150558.0
150705.0
150842.0
150979.0
151116.0
151253.0
151390.0
151526.0
151889.0
152352.0
152589.0
152726.0
152863.0
153000.0
