353.0
706.0
2188.0
2541.0
2904.0
3257.0
3610.0
3963.0
4073.0
4188.0
4432.0
4785.0
5138.0
5491.0
5844.0
6297.0
8820.0
9173.0
9426.0
9679.0
9894.0
10148.0
10401.0
10655.0
10908.0
11162.0
11415.0
11669.0
11884.0
12099.0
12308.0
12552.0
12806.0
13059.0
13313.0
13559.0
13813.0
14067.0
14321.0
14575.0
14829.0
15083.0
15337.0
15591.0
15845.0
16198.0
16452.0
16706.0
16821.0
16936.0
17051.0
17166.0
17281.0
17396.0
17511.0
17626.0
17741.0
17856.0
17971.0
18086.0
18202.0
18317.0
18432.0
18547.0
18662.0
18777.0
18892.0
20357.0
20811.0
22453.0
22907.0
23361.0
23815.0
24269.0
24723.0
25177.0
25631.0
26085.0
26539.0
27163.0
30419.0
30873.0
31327.0
31781.0
32235.0
32689.0
33143.0
33597.0
34051.0
34505.0
34959.0
35413.0
35867.0
36085.0
36303.0
36421.0
36539.0
36657.0
36775.0
36893.0
37011.0
37129.0
37247.0
37365.0
37483.0
37601.0
37719.0
37837.0
37955.0
38073.0
38417.0
38871.0
39325.0
39779.0
40197.0
40423.0
40540.0
40866.0
41292.0
42888.0
43114.0
43539.0
43665.0
43791.0
43917.0
44043.0
44269.0
44595.0
45670.0
46096.0
48820.0
49246.0
49572.0
49898.0
50224.0
50550.0
50876.0
52043.0
53117.0
53443.0
53569.0
53695.0
53821.0
53947.0
54073.0
54269.0
54595.0
56197.0
56423.0
56540.0
56866.0
59582.0
60357.0
60814.0
62500.0
62857.0
63000.0
63143.0
63286.0
63429.0
63571.0
63714.0
63857.0
64000.0
64143.0
64286.0
64429.0
64571.0
64714.0
64857.0
65000.0
65143.0
65286.0
65429.0
65571.0
65714.0
65857.0
66000.0
66143.0
66286.0
66429.0
66571.0
66714.0
66857.0
67000.0
67143.0
67286.0
67429.0
67571.0
67714.0
67857.0
68000.0
68143.0
68286.0
68429.0
68571.0
68714.0
68857.0
69000.0
69143.0
69286.0
69429.0
69571.0
69714.0
69857.0
80000.0
80333.0
82000.0
82667.0
83000.0
83333.0
83833.0
84500.0
84833.0
85000.0
85250.0
85500.0
85583.0
85750.0
86000.0
86250.0
86417.0
86500.0
86583.0
86667.0
86833.0
87000.0
87167.0
87333.0
88167.0
89417.0
89500.0
89583.0
89667.0
89750.0
89833.0
90000.0
90167.0
90333.0
90500.0
90667.0
90833.0
92000.0
92333.0
92500.0
92667.0
92750.0
92833.0
92917.0
93000.0
93167.0
93333.0
93500.0
93833.0
94000.0
94250.0
94500.0
94833.0
95167.0
95333.0
95500.0
95667.0
95833.0
96000.0
96250.0
96500.0
96833.0
98333.0
98583.0
98750.0
98833.0
99000.0
99167.0
99333.0
99500.0
99583.0
99667.0
99750.0
99833.0
99917.0
100000.0
100333.0
100488.0
100659.0
102000.0
102667.0
103000.0
103333.0
105833.0
106167.0
106667.0
107000.0
107333.0
107500.0
107667.0
107833.0
108000.0
108167.0
108333.0
108500.0
108667.0
108833.0
109000.0
109167.0
109333.0
109500.0
109667.0
109833.0
110000.0
110333.0
110500.0
110667.0
110833.0
111000.0
111167.0
111333.0
111500.0
111667.0
111833.0
112000.0
114167.0
114333.0
114500.0
114667.0
114833.0
115000.0
115333.0
115500.0
115667.0
115833.0
116000.0
116167.0
116333.0
116500.0
116667.0
116833.0
117000.0
117333.0
117500.0
117667.0
117833.0
118000.0
118167.0
118333.0
118500.0
118667.0
118833.0
119000.0
119167.0
119333.0
120357.0
120882.0
121408.0
121933.0
122459.0
122984.0
123501.0
124116.0
124642.0
125168.0
125694.0
126219.0
126745.0
127270.0
128022.0
129116.0
129769.0
130000.0
130442.0
130882.0
131327.0
131769.0
132219.0
132660.0
133105.0
133547.0
133997.0
134442.0
134882.0
135327.0
135769.0
136219.0
136660.0
137000.0
137105.0
137547.0
137680.0
137793.0
137868.0
137906.0
138019.0
138132.0
138189.0
138244.0
138357.0
138470.0
138510.0
138583.0
138695.0
138808.0
138831.0
138921.0
139034.0
139146.0
139152.0
139259.0
139372.0
139473.0
139484.0
139596.0
139708.0
139794.0
139821.0
139882.0
139933.0
139946.0
139958.0
139970.0
140286.0
140579.0
140872.0
141165.0
141458.0
141751.0
142044.0
142337.0
142630.0
142923.0
143216.0
143509.0
143802.0
144095.0
144388.0
144681.0
144974.0
145267.0
145560.0
145853.0
146146.0
146439.0
146732.0
147025.0
147318.0
147611.0
147904.0
148197.0
148490.0
148783.0
149076.0
149369.0
149662.0
149955.0
150248.0
150541.0
150834.0
151127.0
151420.0
151713.0
152006.0
152299.0
152592.0
152885.0
153178.0
153471.0
153764.0
154057.0
154350.0
154643.0
154936.0
155229.0
155522.0
155815.0
156108.0
156401.0
156694.0
156987.0
157280.0
157573.0
157866.0
158159.0
158452.0
158745.0
159038.0
159331.0
159624.0
159917.0
