23.0
489.0
675.0
872.0
1220.0
1417.0
1615.0
1812.0
2009.0
2206.0
2404.0
2601.0
2798.0
3147.0
3344.0
3541.0
3739.0
3936.0
4133.0
4331.0
4528.0
4725.0
4923.0
5120.0
5317.0
5515.0
5712.0
5909.0
6106.0
6304.0
6501.0
6698.0
6896.0
7093.0
7290.0
7487.0
7685.0
7882.0
8079.0
8276.0
8474.0
8671.0
8868.0
9066.0
9263.0
9460.0
9658.0
9855.0
10052.0
10249.0
10446.0
10644.0
10841.0
11038.0
11236.0
11433.0
11630.0
11828.0
12025.0
12222.0
12420.0
12605.0
12814.0
13011.0
13209.0
13406.0
13592.0
13790.0
13997.0
14195.0
14392.0
20023.0
20279.0
20546.0
20813.0
21070.0
21325.0
21581.0
21848.0
22103.0
22359.0
22626.0
22881.0
23137.0
23404.0
23648.0
23915.0
24170.0
24426.0
24681.0
24948.0
25204.0
25447.0
25714.0
25970.0
26225.0
26481.0
26736.0
26992.0
27247.0
27514.0
27770.0
28025.0
28270.0
28525.0
28781.0
29036.0
29292.0
29547.0
29803.0
30046.0
30313.0
30570.0
30825.0
31081.0
31325.0
31580.0
31847.0
32103.0
32358.0
32614.0
32869.0
33125.0
33380.0
33636.0
33891.0
34147.0
34402.0
34658.0
34913.0
35157.0
35424.0
35679.0
35935.0
36190.0
36446.0
36701.0
36957.0
37212.0
37468.0
37723.0
40020.0
40357.0
40694.0
41030.0
41367.0
41680.0
42039.0
42365.0
42690.0
43038.0
43363.0
43699.0
44036.0
44361.0
44698.0
45034.0
45360.0
45696.0
46033.0
46358.0
46695.0
47031.0
47356.0
47693.0
48030.0
48355.0
48692.0
49039.0
49364.0
49690.0
50038.0
50363.0
50699.0
51036.0
51361.0
51698.0
52035.0
52360.0
52696.0
53033.0
53369.0
53695.0
54031.0
54368.0
54693.0
55030.0
55366.0
55691.0
56039.0
56364.0
56690.0
57038.0
57363.0
57699.0
58036.0
58361.0
58698.0
59035.0
59360.0
59696.0
60023.0
60279.0
60546.0
60801.0
61045.0
61312.0
61556.0
61823.0
62055.0
62322.0
62566.0
62833.0
63065.0
63321.0
63576.0
63832.0
64076.0
64320.0
64575.0
64831.0
65075.0
65330.0
65574.0
65830.0
66073.0
66329.0
66572.0
66828.0
67072.0
67327.0
67571.0
67826.0
68070.0
68326.0
68581.0
68825.0
69070.0
69325.0
69570.0
69825.0
70070.0
70325.0
70580.0
70824.0
71068.0
71323.0
71580.0
71824.0
72079.0
72323.0
72579.0
72822.0
73078.0
73322.0
73577.0
73821.0
74077.0
74321.0
74576.0
74820.0
75076.0
75320.0
75575.0
75820.0
76075.0
76320.0
76575.0
76820.0
77075.0
77320.0
77575.0
80023.0
80568.0
80799.0
81000.0
81043.0
81264.0
81508.0
81752.0
82007.0
82240.0
82484.0
82727.0
83018.0
83250.0
83505.0
83750.0
84017.0
84250.0
84493.0
84750.0
85017.0
85261.0
85516.0
85759.0
86015.0
86260.0
86503.0
86759.0
87014.0
87258.0
87513.0
87757.0
88013.0
88256.0
88512.0
88756.0
89011.0
89255.0
89511.0
89754.0
90010.0
90254.0
90509.0
90753.0
91010.0
91253.0
91509.0
91752.0
92019.0
92252.0
92507.0
92751.0
93018.0
93250.0
93517.0
93750.0
94017.0
94250.0
94505.0
94750.0
95017.0
95250.0
95505.0
95750.0
96005.0
96250.0
96505.0
96750.0
97017.0
97250.0
97505.0
97750.0
100023.0
100465.0
100894.0
101799.0
102240.0
102681.0
103111.0
103540.0
103981.0
104411.0
104852.0
105282.0
105723.0
106153.0
106606.0
107024.0
107465.0
107906.0
108336.0
108778.0
109208.0
109650.0
110090.0
110520.0
110961.0
111402.0
111843.0
112273.0
112715.0
113144.0
113586.0
114016.0
114457.0
114898.0
115328.0
115770.0
116209.0
116650.0
117080.0
117510.0
117940.0
118380.0
118810.0
119000.0
119239.0
119692.0
119924.0
119994.0
119999.0
119999.0
119999.0
119999.0
119999.0
119999.0
119999.0
119999.0
119999.0
119999.0
119999.0
119999.0
119999.0
119999.0
119999.0
119999.0
119999.0
119999.0
119999.0
119999.0
119999.0
120000.0
120256.0
120499.0
120732.0
120881.0
120997.0
121253.0
121496.0
121739.0
121889.0
122005.0
122250.0
122493.0
122737.0
122888.0
123004.0
123259.0
123492.0
123735.0
123886.0
124014.0
124258.0
124490.0
124734.0
124885.0
125012.0
125256.0
125499.0
125732.0
125883.0
126011.0
126254.0
126498.0
126730.0
126881.0
127009.0
127253.0
127496.0
127739.0
127889.0
128006.0
128250.0
128494.0
128737.0
128888.0
129016.0
129259.0
129492.0
129736.0
129887.0
130014.0
130258.0
130490.0
130734.0
130885.0
131013.0
131256.0
131499.0
131732.0
131883.0
132011.0
132254.0
132498.0
132730.0
132881.0
133019.0
133252.0
133495.0
133739.0
133889.0
134000.0
134017.0
140020.0
140368.0
140740.0
141101.0
141450.0
141810.0
142170.0
142530.0
142890.0
143238.0
143609.0
143969.0
144329.0
144677.0
145049.0
145409.0
145769.0
146129.0
146490.0
146849.0
147210.0
147569.0
147929.0
148289.0
148649.0
149010.0
149369.0
149731.0
150080.0
150440.0
150800.0
151159.0
151520.0
151879.0
152239.0
152599.0
152959.0
153320.0
153680.0
154028.0
154388.0
154748.0
155108.0
155456.0
155828.0
156176.0
156536.0
156896.0
157268.0
157628.0
158001.0
158350.0
158710.0
159070.0
159429.0
159789.0
159812.0
