0.0
333.0
4000.0
4333.0
4667.0
5000.0
5333.0
5667.0
6000.0
6333.0
6667.0
7000.0
7333.0
8000.0
8333.0
8667.0
9333.0
9667.0
10000.0
10333.0
10667.0
11000.0
11333.0
12000.0
12333.0
12667.0
14333.0
14667.0
15000.0
15333.0
15667.0
16000.0
16333.0
16667.0
17000.0
17333.0
17667.0
18000.0
18333.0
18667.0
18998.0
20000.0
20333.0
24583.0
27667.0
28000.0
28250.0
28500.0
28667.0
28833.0
29000.0
29167.0
29333.0
29500.0
29667.0
29833.0
30000.0
30167.0
30333.0
30500.0
30667.0
30833.0
31000.0
31167.0
31333.0
31500.0
31667.0
31833.0
32000.0
32167.0
32333.0
32500.0
32667.0
32833.0
33000.0
34167.0
34333.0
34500.0
34667.0
34833.0
35000.0
35167.0
35333.0
35500.0
35667.0
35833.0
36000.0
36333.0
36500.0
36667.0
36833.0
37000.0
37167.0
37333.0
37500.0
37667.0
37833.0
38000.0
38500.0
38833.0
39000.0
39167.0
39333.0
39500.0
39667.0
39833.0
39836.0
40000.0
40339.0
40678.0
41017.0
42056.0
42495.0
42834.0
43273.0
43712.0
44151.0
44590.0
44819.0
45078.0
45397.0
45616.0
45835.0
46056.0
46595.0
47034.0
48873.0
49312.0
49751.0
50090.0
50397.0
50616.0
50835.0
51056.0
51273.0
51590.0
52029.0
52468.0
53007.0
54946.0
55385.0
55824.0
56263.0
56702.0
56824.0
57045.0
57263.0
57482.0
57702.0
58241.0
58363.0
58582.0
58801.0
59029.0
59468.0
59907.0
60357.0
60811.0
65185.0
65639.0
66094.0
66126.0
66548.0
68168.0
68712.0
69266.0
69640.0
69795.0
69949.0
70105.0
70259.0
70415.0
70569.0
70723.0
70877.0
71031.0
71185.0
74312.0
74594.0
74748.0
75031.0
75185.0
75339.0
75493.0
75647.0
75801.0
75955.0
76109.0
76263.0
76417.0
76571.0
76725.0
76879.0
77033.0
77187.0
77341.0
77495.0
77649.0
77803.0
77957.0
78111.0
78255.0
78409.0
78563.0
78717.0
78871.0
79025.0
79179.0
79333.0
79487.0
79641.0
79795.0
79949.0
80000.0
80333.0
84583.0
87916.0
88416.0
89833.0
90000.0
90278.0
90469.0
90650.0
90833.0
91012.0
91166.0
91333.0
91583.0
91750.0
92000.0
92166.0
92333.0
92500.0
92667.0
92833.0
93000.0
93166.0
93333.0
94000.0
94278.0
94469.0
94650.0
94792.0
94892.0
95000.0
95154.0
95318.0
95472.0
95636.0
95809.0
95985.0
96166.0
96333.0
96500.0
96667.0
96833.0
99166.0
99333.0
99500.0
99682.0
99782.0
99882.0
99982.0
100357.0
100812.0
101639.0
102465.0
102919.0
103374.0
103829.0
104284.0
104739.0
105194.0
105649.0
106104.0
106559.0
107114.0
107569.0
110000.0
110455.0
110910.0
111365.0
111820.0
112275.0
112730.0
113185.0
113640.0
114095.0
114550.0
115005.0
115460.0
115915.0
116370.0
116825.0
117280.0
117735.0
118190.0
118645.0
119100.0
119555.0
119847.0
120000.0
120455.0
122118.0
122573.0
122928.0
123284.0
123639.0
123995.0
124351.0
124607.0
124863.0
125118.0
125374.0
125639.0
125896.0
126151.0
126407.0
126664.0
128064.0
128419.0
128775.0
129130.0
129386.0
129642.0
129898.0
130054.0
130199.0
130245.0
130391.0
130437.0
130583.0
130729.0
130875.0
131021.0
131167.0
131313.0
131659.0
134568.0
135023.0
135369.0
135715.0
136061.0
136407.0
136553.0
136699.0
136745.0
136891.0
137037.0
137183.0
137329.0
137675.0
138021.0
138167.0
138313.0
138459.0
138605.0
138751.0
138897.0
140357.0
140812.0
141267.0
141439.0
141611.0
141955.0
142299.0
142581.0
142863.0
143145.0
143427.0
143772.0
144054.0
144336.0
144628.0
145022.0
145534.0
146089.0
146812.0
147694.0
150002.0
150457.0
150913.0
151357.0
151812.0
152267.0
152611.0
153055.0
153336.0
153672.0
154016.0
154357.0
154639.0
154984.0
155439.0
155884.0
156229.0
156574.0
156856.0
157138.0
157429.0
157611.0
157793.0
157975.0
158157.0
158339.0
158521.0
158703.0
158884.0
159066.0
159248.0
159430.0
159611.0
159793.0
159975.0
160157.0
160339.0
160521.0
160703.0
160884.0
