23.0
453.0
685.0
906.0
1138.0
1370.0
1591.0
1823.0
2044.0
2264.0
2497.0
2729.0
2950.0
3182.0
3402.0
3635.0
3855.0
4076.0
4308.0
4530.0
4751.0
4971.0
5203.0
5424.0
5656.0
5888.0
6109.0
6330.0
6562.0
6782.0
7015.0
7247.0
7467.0
7699.0
7920.0
8152.0
8373.0
8605.0
8826.0
9046.0
9278.0
9500.0
9721.0
9953.0
10174.0
10406.0
10626.0
10859.0
11080.0
11312.0
11532.0
11765.0
11985.0
12217.0
12438.0
12660.0
12892.0
13124.0
13356.0
13577.0
13809.0
14030.0
14250.0
14482.0
14715.0
14935.0
15156.0
15388.0
15610.0
15842.0
16063.0
20023.0
20289.0
20417.0
20568.0
20720.0
20860.0
21022.0
21173.0
21324.0
21475.0
21626.0
21777.0
21916.0
22089.0
22229.0
22380.0
22520.0
22671.0
22822.0
22973.0
23124.0
23275.0
23426.0
23577.0
23728.0
23879.0
24029.0
24170.0
24321.0
24472.0
24623.0
24774.0
24925.0
25076.0
25227.0
25378.0
25529.0
25679.0
25820.0
25971.0
26122.0
26273.0
26424.0
26575.0
26726.0
26877.0
27028.0
27179.0
27329.0
27470.0
27621.0
27772.0
27923.0
28074.0
28225.0
28376.0
28527.0
28678.0
28829.0
28979.0
29120.0
29271.0
29422.0
29573.0
29724.0
29875.0
30026.0
30177.0
30328.0
30479.0
30629.0
30770.0
30921.0
31000.0
40023.0
40546.0
40894.0
41079.0
41265.0
41440.0
41614.0
41776.0
42019.0
42240.0
42426.0
42599.0
42785.0
42959.0
43145.0
43319.0
43493.0
43679.0
43853.0
44016.0
44248.0
44445.0
44620.0
44782.0
44956.0
45142.0
45328.0
45490.0
45676.0
45862.0
46024.0
46245.0
46454.0
46639.0
46814.0
47000.0
47174.0
47348.0
47534.0
47719.0
47882.0
48079.0
48242.0
48428.0
48602.0
48776.0
48950.0
49148.0
49322.0
49496.0
49670.0
49856.0
50029.0
50238.0
50447.0
50633.0
50807.0
51016.0
51189.0
51363.0
51549.0
51735.0
51932.0
52095.0
52270.0
52455.0
52641.0
52827.0
53001.0
53175.0
53361.0
53500.0
60023.0
60685.0
61045.0
61370.0
61718.0
62055.0
62403.0
62739.0
63076.0
63401.0
63749.0
64086.0
64423.0
64771.0
65108.0
65444.0
65793.0
66130.0
66466.0
66803.0
67151.0
67476.0
67825.0
68150.0
68509.0
68846.0
69183.0
69531.0
69868.0
70216.0
70553.0
70889.0
71238.0
71574.0
71923.0
72259.0
72608.0
72944.0
73281.0
73618.0
73966.0
74303.0
74640.0
74976.0
75325.0
75661.0
75998.0
76346.0
76683.0
77020.0
77356.0
77705.0
78030.0
78378.0
78727.0
79063.0
79400.0
79737.0
80023.0
80279.0
80546.0
80813.0
81068.0
81324.0
81591.0
81846.0
82102.0
82357.0
82624.0
82879.0
83135.0
83390.0
83646.0
83901.0
84157.0
84424.0
84679.0
84935.0
85180.0
85447.0
85702.0
85958.0
86225.0
86480.0
86725.0
86992.0
87247.0
87503.0
87758.0
88025.0
88281.0
88536.0
88792.0
89047.0
89314.0
89546.0
89825.0
90080.0
90336.0
90591.0
90847.0
91102.0
91358.0
91625.0
91880.0
92136.0
92391.0
92647.0
92902.0
93158.0
93425.0
93680.0
93936.0
94191.0
94446.0
94702.0
94957.0
95224.0
95468.0
95724.0
96002.0
96258.0
96525.0
96780.0
97036.0
97291.0
97547.0
97802.0
100023.0
100385.0
100747.0
101109.0
101461.0
101823.0
102185.0
102548.0
102909.0
103272.0
103624.0
104007.0
104379.0
104752.0
105103.0
105465.0
105838.0
106190.0
106552.0
106904.0
107276.0
107649.0
108010.0
108373.0
108745.0
109108.0
109460.0
109822.0
110184.0
110547.0
110909.0
111271.0
111643.0
112006.0
112378.0
112730.0
113102.0
113465.0
113827.0
114189.0
114551.0
114913.0
115276.0
115648.0
116000.0
116373.0
116745.0
117108.0
117460.0
117832.0
118195.0
118557.0
118909.0
119281.0
119644.0
120023.0
120279.0
120523.0
120767.0
121022.0
121289.0
121498.0
121765.0
122021.0
122288.0
122520.0
122776.0
123020.0
123275.0
123520.0
123775.0
124020.0
124275.0
124520.0
124775.0
125020.0
125275.0
125520.0
125776.0
126020.0
126275.0
126520.0
126776.0
127020.0
127276.0
127520.0
127776.0
128020.0
128276.0
128520.0
128776.0
129020.0
129276.0
129520.0
129776.0
130020.0
130276.0
130520.0
130776.0
131020.0
131276.0
131520.0
131776.0
132020.0
132276.0
132520.0
132776.0
133020.0
133276.0
133520.0
133776.0
134020.0
134276.0
134520.0
134776.0
135020.0
135276.0
135520.0
135776.0
136020.0
136276.0
136520.0
136776.0
137020.0
137276.0
137520.0
137776.0
138020.0
140020.0
140379.0
140588.0
140762.0
140948.0
141134.0
141319.0
141505.0
141679.0
141865.0
142051.0
142236.0
142411.0
142585.0
142771.0
142956.0
143142.0
143316.0
143502.0
143676.0
143862.0
144024.0
144222.0
144408.0
144593.0
144768.0
144953.0
145139.0
145313.0
145499.0
145673.0
145859.0
146045.0
146230.0
146404.0
146589.0
146775.0
146950.0
147136.0
147321.0
147507.0
147693.0
147867.0
148053.0
148227.0
148401.0
148587.0
148773.0
148947.0
149133.0
149319.0
149493.0
149678.0
149864.0
150049.0
150235.0
150409.0
150595.0
150770.0
150944.0
151130.0
151304.0
151489.0
151675.0
151850.0
152035.0
152221.0
152395.0
152581.0
152767.0
152952.0
153100.0
