0.0
286.0
571.0
1000.0
1429.0
3714.0
4143.0
4571.0
5000.0
5429.0
5857.0
6286.0
6714.0
7143.0
7571.0
8000.0
8429.0
8857.0
9286.0
9714.0
10143.0
10571.0
11429.0
11857.0
12286.0
12714.0
13143.0
13571.0
13857.0
14286.0
14571.0
15000.0
15429.0
15714.0
20000.0
20286.0
20571.0
20857.0
21143.0
21429.0
21714.0
22143.0
22714.0
23571.0
23857.0
24000.0
24143.0
24286.0
24429.0
24571.0
24714.0
25000.0
25286.0
25429.0
25571.0
25714.0
25857.0
26000.0
26143.0
26286.0
26429.0
26571.0
26857.0
27143.0
27429.0
28571.0
29000.0
29286.0
29429.0
29571.0
29714.0
29857.0
30000.0
30429.0
30714.0
32143.0
33429.0
33714.0
33857.0
34000.0
34143.0
34286.0
34429.0
34571.0
34857.0
40400.0
40600.0
41200.0
41800.0
42700.0
43000.0
43400.0
43600.0
43800.0
44000.0
44200.0
44300.0
44400.0
44600.0
44800.0
45000.0
45200.0
45600.0
45800.0
46500.0
47400.0
47600.0
47800.0
48000.0
48200.0
48400.0
48600.0
50400.0
50600.0
50800.0
50900.0
51000.0
51100.0
51200.0
51300.0
51400.0
51600.0
51800.0
52200.0
52400.0
52600.0
52800.0
53000.0
53200.0
53600.0
53800.0
54000.0
54200.0
54400.0
54600.0
55000.0
55200.0
55400.0
55600.0
55800.0
55900.0
56000.0
56200.0
56300.0
56400.0
56600.0
56800.0
57000.0
57200.0
57400.0
57600.0
57800.0
58000.0
58200.0
58400.0
58600.0
58800.0
59000.0
59200.0
59400.0
60000.0
60340.0
60570.0
60910.0
61250.0
61590.0
62030.0
62470.0
62910.0
63350.0
63680.0
63820.0
64050.0
64280.0
64420.0
64650.0
64790.0
64930.0
65070.0
65310.0
65650.0
66090.0
66530.0
67070.0
68030.0
68470.0
68910.0
69250.0
69590.0
69730.0
69870.0
70000.0
70140.0
70280.0
70420.0
70560.0
70700.0
70840.0
71070.0
71310.0
71540.0
72080.0
72520.0
73060.0
73500.0
74040.0
74480.0
74620.0
74760.0
74900.0
75030.0
75170.0
75310.0
75450.0
75590.0
75730.0
75870.0
76010.0
76450.0
76680.0
76820.0
76960.0
77100.0
77240.0
77380.0
77520.0
77660.0
77800.0
77940.0
78080.0
78220.0
78360.0
78500.0
78640.0
78780.0
78920.0
79060.0
79290.0
79400.0
80357.0
80682.0
81008.0
81334.0
81659.0
82268.0
82473.0
82678.0
82884.0
83089.0
83295.0
83780.0
84555.0
85334.0
86110.0
86886.0
87662.0
88438.0
89215.0
89539.0
89864.0
90189.0
90514.0
90839.0
92165.0
93041.0
93526.0
94011.0
94496.0
94981.0
95466.0
95951.0
96437.0
96922.0
97407.0
98093.0
98969.0
100291.0
100465.0
100639.0
100813.0
101997.0
102194.0
102478.0
102652.0
102936.0
103220.0
103504.0
103788.0
104072.0
105256.0
105439.0
105713.0
106139.0
107652.0
108072.0
108497.0
108928.0
109352.0
109872.0
109959.9
120000.0
120286.0
120571.0
120857.0
121143.0
121643.0
122000.0
122357.0
122714.0
123143.0
123500.0
124357.0
124571.0
124857.0
125000.0
125143.0
125286.0
125429.0
125571.0
125714.0
125857.0
126000.0
126143.0
126286.0
126429.0
126571.0
126857.0
127000.0
127286.0
127571.0
128000.0
128286.0
128571.0
129143.0
129500.0
129857.0
140357.0
140682.0
141008.0
141334.0
141659.0
142075.0
142390.0
142806.0
143222.0
143738.0
144453.0
145534.0
146050.0
146566.0
147082.0
147598.0
148114.0
148630.0
149146.0
149662.0
150178.0
150694.0
151210.0
151726.0
152242.0
152758.0
153274.0
153790.0
154306.0
154822.0
155338.0
155854.0
156370.0
156886.0
157402.0
157918.0
158434.0
158950.0
159466.0
