0.0
286.0
571.0
857.0
1143.0
1429.0
1714.0
2143.0
2286.0
2571.0
2857.0
3000.0
3357.0
3714.0
4286.0
5714.0
7143.0
8571.0
9857.0
10000.0
10143.0
10286.0
10429.0
10571.0
10714.0
10857.0
11000.0
11286.0
14286.0
14571.0
14857.0
15143.0
15429.0
15714.0
16000.0
16286.0
16571.0
16857.0
17143.0
17429.0
17571.0
17714.0
17857.0
18000.0
18357.0
18571.0
18714.0
18857.0
19000.0
19143.0
19286.0
19429.0
19571.0
19714.0
19857.0
20000.0
20333.0
24583.0
27166.0
28000.0
28333.0
29333.0
29417.0
29667.0
30000.0
30278.0
30545.0
30812.0
31069.0
31326.0
31583.0
32000.0
32278.0
32469.0
32657.0
33125.0
33448.0
33638.0
33806.0
34069.0
34250.0
34417.0
34545.0
34812.0
35069.0
35250.0
35516.0
35812.0
36069.0
36383.0
36417.0
36629.0
36885.0
37166.0
37448.0
37792.0
38000.0
38333.0
38448.0
38569.0
38680.0
38806.0
38885.0
39138.0
39250.0
39383.0
39500.0
39680.0
39812.0
40000.0
40286.0
40571.0
41000.0
41286.0
41429.0
41571.0
41714.0
41857.0
42000.0
42143.0
42286.0
42429.0
42714.0
43714.0
43857.0
44000.0
44143.0
44286.0
44429.0
44571.0
44714.0
45714.0
45857.0
46000.0
46143.0
46286.0
46429.0
46571.0
46714.0
46857.0
46986.0
47129.0
47272.0
47413.0
47556.0
47700.0
48857.0
50000.0
50143.0
50286.0
50429.0
50571.0
50714.0
50857.0
51000.0
51143.0
51286.0
51429.0
51571.0
51714.0
51857.0
51986.0
52129.0
52272.0
52413.0
52556.0
52700.0
53857.0
55000.0
55143.0
55286.0
55429.0
55571.0
55714.0
55857.0
55986.0
56000.0
56129.0
56272.0
56413.0
56556.0
60000.0
60286.0
60571.0
60857.0
61143.0
61429.0
61714.0
62143.0
62286.0
62429.0
62571.0
62714.0
62857.0
63000.0
63143.0
63429.0
63571.0
63714.0
63857.0
64000.0
64143.0
64571.0
64714.0
65143.0
65286.0
65714.0
66286.0
66571.0
66714.0
66857.0
67000.0
67143.0
67429.0
67571.0
67857.0
68286.0
68714.0
69000.0
69429.0
69714.0
80300.0
80400.0
80400.0
80600.0
80600.0
80800.0
80800.0
81200.0
81200.0
81400.0
81400.0
81600.0
81600.0
81800.0
81800.0
82000.0
82000.0
82200.0
82200.0
82400.0
82400.0
82500.0
82600.0
82600.0
83000.0
83000.0
83200.0
83200.0
83400.0
83400.0
83600.0
83600.0
83800.0
83800.0
84000.0
84000.0
84400.0
84400.0
84600.0
84600.0
85000.0
85200.0
85200.0
85400.0
86800.0
87000.0
87200.0
87400.0
87600.0
87800.0
88000.0
88400.0
88600.0
90000.0
90200.0
90400.0
90600.0
90800.0
91200.0
91400.0
91600.0
91800.0
92000.0
92400.0
92600.0
92800.0
93200.0
93600.0
93800.0
94000.0
94200.0
94400.0
94800.0
95200.0
95400.0
95600.0
95800.0
96000.0
96200.0
96400.0
96600.0
96800.0
97000.0
97200.0
97400.0
97600.0
97800.0
98000.0
98400.0
98600.0
98800.0
99200.0
100300.0
101000.0
101200.0
101600.0
102000.0
102400.0
102800.0
103109.0
103200.0
103518.0
103600.0
103927.0
104018.0
104427.0
104836.0
105245.0
105654.0
106063.0
106472.0
106881.0
107290.0
107799.0
108318.0
108727.0
110000.0
110418.0
110827.0
111236.0
111645.0
112063.0
112481.0
112790.0
112900.0
112972.0
113154.0
113318.0
113336.0
113518.0
113736.0
113799.0
113881.0
114063.0
114154.0
114245.0
114427.0
114572.0
114808.0
115190.0
115581.0
115881.0
116063.0
116290.0
116445.0
116799.0
116827.0
117218.0
117218.0
117490.0
117572.0
117636.0
117654.0
117836.0
118054.0
118109.0
118472.0
118518.0
118881.0
118927.0
119290.0
119308.0
119799.0
120000.0
120286.0
120571.0
120857.0
121143.0
121429.0
121714.0
122143.0
122286.0
122571.0
122857.0
123000.0
123357.0
123714.0
124286.0
125714.0
127143.0
128571.0
129429.0
129714.0
129857.0
129943.0
130000.0
130054.0
130109.0
130164.0
130219.0
130274.0
130329.0
130385.0
130441.0
130496.0
130552.0
130607.0
130663.0
130718.0
130773.0
130828.0
130884.0
130939.0
131019.0
131164.0
131429.0
134286.0
134857.0
135000.0
135054.0
135109.0
135164.0
135219.0
135274.0
135329.0
135385.0
135441.0
135496.0
135552.0
135607.0
135663.0
135718.0
135773.0
135838.0
135894.0
135949.0
136071.0
136143.0
136571.0
137143.0
138571.0
140235.0
140968.0
141701.0
142116.0
142434.0
142559.0
143003.0
143447.0
143891.0
144335.0
144779.0
145233.0
145677.0
146131.0
146575.0
147029.0
151549.0
152003.0
152447.0
152891.0
153335.0
153779.0
154003.0
154177.0
154359.0
154793.0
155016.0
155198.0
155380.0
155562.0
155744.0
155926.0
156149.0
156603.0
157047.0
157491.0
157935.0
158379.0
