2770.0
3045.0
3310.0
3585.0
3859.0
4134.0
4408.0
4683.0
5057.0
5331.0
5605.0
5879.0
6153.0
6428.0
9331.0
9705.0
10079.0
10453.0
10827.0
11102.0
11377.0
11551.0
11725.0
11899.0
12073.0
12248.0
12422.0
12596.0
12770.0
12944.0
13118.0
13292.0
13466.0
13640.0
13814.0
14551.0
14725.0
14899.0
15073.0
15248.0
15422.0
15596.0
15770.0
15944.0
16118.0
16592.0
16766.0
18079.0
18453.0
18827.0
19102.0
19377.0
19551.0
19827.0
20000.0
20597.0
21000.0
21597.0
22000.0
22493.0
22993.0
23493.0
23993.0
24493.0
24993.0
25493.0
25993.0
26493.0
26993.0
27493.0
27993.0
28493.0
28993.0
29493.0
29993.0
30493.0
30993.0
31493.0
31993.0
32493.0
32993.0
33493.0
33993.0
34493.0
34993.0
35493.0
35993.0
36493.0
36993.0
37493.0
37993.0
38493.0
38993.0
39493.0
42779.0
43048.0
43317.0
43586.0
43855.0
44124.0
44394.0
44663.0
44932.0
45201.0
45470.0
45739.0
46008.0
46277.0
46546.0
46815.0
47084.0
47353.0
47622.0
47891.0
48160.0
48429.0
48698.0
48967.0
49236.0
49505.0
49774.0
50043.0
50312.0
50581.0
50850.0
51119.0
51388.0
51657.0
51926.0
52195.0
52464.0
52733.0
53002.0
53271.0
53540.0
53809.0
54078.0
54347.0
54616.0
54885.0
55154.0
55423.0
55692.0
55961.0
56230.0
56499.0
56768.0
57037.0
57306.0
57575.0
57844.0
58113.0
58382.0
58651.0
58919.0
59188.0
59457.0
59726.0
59885.0
59885.0
62903.0
64167.0
64167.0
64529.0
64529.0
65000.0
65000.0
65484.0
65484.0
65846.0
65846.0
66330.0
66330.0
66792.0
66792.0
67276.0
67276.0
67759.0
67759.0
68243.0
68243.0
68605.0
68605.0
69088.0
69088.0
69450.0
69450.0
70111.0
70111.0
70938.0
70938.0
71422.0
71422.0
71884.0
71884.0
72368.0
72368.0
72852.0
72852.0
73336.0
73336.0
73819.0
73819.0
74291.0
74291.0
74775.0
74775.0
75258.0
75258.0
75742.0
75742.0
76226.0
76226.0
76710.0
76710.0
77194.0
77194.0
77556.0
77556.0
77918.0
77918.0
78280.0
78280.0
78642.0
78642.0
79004.0
82500.0
82984.0
83468.0
83952.0
84076.0
84200.0
84324.0
84448.0
84572.0
84696.0
84820.0
84944.0
85068.0
85200.0
85324.0
85448.0
85572.0
85796.0
86076.0
86200.0
86324.0
86448.0
86572.0
86852.0
87076.0
87296.0
87420.0
87534.0
87658.0
87882.0
88162.0
88442.0
88722.0
89002.0
89282.0
89491.4
89605.7
89720.0
89834.3
89948.6
90168.9
90283.2
90407.5
90531.8
90646.1
90760.4
90874.7
91099.0
91313.3
91593.6
91873.9
92154.2
92434.5
92714.8
93299.4
93589.7
93870.0
94150.3
94430.6
94710.9
95195.5
95475.8
95756.1
96036.4
96316.7
96597.0
96800.0
102500.0
102984.0
103468.0
103952.0
104195.0
104437.0
104680.0
104923.0
105166.0
105409.0
105652.0
105895.0
106137.0
106380.0
106623.0
106866.0
107109.0
107352.0
107595.0
107837.0
108080.0
108323.0
108566.0
108809.0
109052.0
109295.0
109537.0
109780.0
110023.0
110266.0
110509.0
110752.0
111137.0
111423.0
111709.0
112284.0
112858.0
113432.0
113916.0
114159.0
114402.0
114645.0
114768.0
114911.0
115034.0
115157.0
115280.0
115413.0
115536.0
115659.0
115782.0
115915.0
116038.0
116161.0
116274.0
116387.0
116500.0
116613.0
116736.0
116859.0
117002.0
117125.0
117509.0
118083.0
118567.0
118710.0
118833.0
119076.0
119210.0
128564.0
129203.0
129732.0
130261.0
130790.0
131319.0
131848.0
132377.0
132906.0
133435.0
133964.0
134493.0
135022.0
135551.0
136080.0
136609.0
137138.0
137667.0
138196.0
138725.0
139254.0
139783.0
140312.0
140841.0
142500.0
142984.0
143468.0
143952.0
144195.0
144437.0
144680.0
144923.0
145166.0
145409.0
145652.0
145895.0
146137.0
146380.0
146623.0
146866.0
147109.0
147352.0
147595.0
147837.0
148080.0
148323.0
148566.0
148809.0
149052.0
149295.0
149537.0
149780.0
150023.0
150266.0
150509.0
150752.0
151137.0
151423.0
151709.0
152109.0
152409.0
152709.0
153095.0
153337.0
153468.0
153611.0
153742.0
153873.0
154016.0
154147.0
154278.0
154423.0
154554.0
154685.0
154828.0
155071.0
155314.0
155557.0
155809.0
156052.0
156295.0
156537.0
156668.0
156811.0
157054.0
157185.0
157316.0
157447.0
157578.0
157719.0
158000.0
158104.0
158347.0
