20.0
357.0
682.0
1042.0
1390.0
1738.0
2087.0
2423.0
2772.0
3120.0
3479.0
3828.0
4176.0
4513.0
4861.0
5210.0
5546.0
5894.0
6231.0
6591.0
6939.0
7288.0
7624.0
7984.0
8321.0
8669.0
8994.0
9366.0
9714.0
10062.0
10411.0
10747.0
11084.0
11444.0
11792.0
12129.0
12477.0
12825.0
13174.0
13522.0
13869.0
14218.0
14566.0
14914.0
15251.0
15600.0
15948.0
16296.0
16644.0
16993.0
17330.0
17678.0
18026.0
18375.0
18723.0
19060.0
19408.0
19756.0
20020.0
20357.0
20682.0
21042.0
21390.0
21727.0
22075.0
22423.0
22772.0
23132.0
23479.0
23828.0
24176.0
24513.0
24861.0
25210.0
25558.0
25906.0
26254.0
26603.0
26939.0
27299.0
27648.0
27996.0
28344.0
28681.0
29030.0
29389.0
29738.0
30086.0
30434.0
30782.0
31120.0
31468.0
31816.0
32165.0
32513.0
32850.0
33198.0
33546.0
33895.0
34243.0
34580.0
34928.0
35277.0
35625.0
35973.0
36322.0
36669.0
36994.0
37354.0
37702.0
38049.0
38398.0
38746.0
39094.0
39443.0
39780.0
40020.0
40379.0
40588.0
40762.0
41000.0
41145.0
41354.0
41539.0
41911.0
42120.0
42294.0
42677.0
42875.0
43060.0
43443.0
43630.0
43815.0
44187.0
44396.0
44582.0
44942.0
45162.0
45325.0
45719.0
45917.0
46091.0
46474.0
46672.0
46846.0
47229.0
47426.0
47601.0
47972.0
48181.0
48355.0
48727.0
48924.0
49087.0
49482.0
49680.0
49854.0
50225.0
50434.0
50619.0
50992.0
51190.0
51375.0
51747.0
51944.0
52118.0
52490.0
52699.0
52873.0
53245.0
53442.0
53616.0
53988.0
54185.0
54360.0
54731.0
54929.0
55103.0
55486.0
55683.0
55857.0
56230.0
56415.0
56589.0
56973.0
57182.0
57356.0
60020.0
60380.0
60740.0
61123.0
61506.0
61890.0
62250.0
62633.0
63004.0
63399.0
63771.0
64166.0
64537.0
64921.0
65292.0
65675.0
66058.0
66430.0
66802.0
67173.0
67579.0
67951.0
68346.0
68729.0
69112.0
69484.0
69867.0
70250.0
70633.0
71005.0
71399.0
71782.0
72154.0
72537.0
72920.0
73292.0
73675.0
74047.0
74429.0
74824.0
75196.0
75579.0
75962.0
76345.0
76728.0
77111.0
77495.0
77866.0
78250.0
78633.0
79004.0
79399.0
79783.0
79981.0
79981.0
80024.0
80350.0
80675.0
81023.0
81383.0
81720.0
82068.0
82428.0
82776.0
83125.0
83461.0
83810.0
84169.0
84518.0
84866.0
85214.0
85563.0
85923.0
86271.0
86619.0
86968.0
87316.0
87664.0
88013.0
88361.0
88710.0
89058.0
89406.0
89755.0
90103.0
90451.0
90800.0
91136.0
91496.0
91844.0
92193.0
92530.0
92890.0
93226.0
93574.0
93923.0
94271.0
94620.0
94968.0
95316.0
95664.0
96013.0
96350.0
96709.0
97058.0
97406.0
97754.0
98103.0
98451.0
98799.0
99148.0
99496.0
99844.0
100020.0
100380.0
100740.0
101101.0
101461.0
101821.0
102192.0
102552.0
102901.0
103261.0
103611.0
103971.0
104344.0
104693.0
105064.0
105424.0
105784.0
106132.0
106504.0
106864.0
107224.0
107584.0
107944.0
108304.0
108664.0
108995.0
109389.0
109749.0
110109.0
110469.0
110832.0
111181.0
111553.0
111901.0
112261.0
112621.0
112981.0
113331.0
113691.0
114051.0
114424.0
114772.0
115144.0
115504.0
115864.0
116224.0
116584.0
116944.0
117304.0
117664.0
118024.0
118384.0
118744.0
119104.0
119464.0
119824.0
120028.0
120365.0
120701.0
121049.0
121374.0
121723.0
122059.0
122396.0
122721.0
123058.0
123395.0
123720.0
124056.0
124393.0
124729.0
125055.0
125391.0
125716.0
126053.0
126389.0
126726.0
127051.0
127399.0
127724.0
128050.0
128386.0
128723.0
129059.0
129396.0
129721.0
130058.0
130395.0
130720.0
131056.0
131381.0
131729.0
132054.0
132391.0
132716.0
133053.0
133390.0
133726.0
134051.0
134388.0
134725.0
135050.0
135387.0
135723.0
136059.0
136396.0
136721.0
137058.0
137383.0
137720.0
138056.0
138393.0
138718.0
139055.0
