291.0
465.0
639.0
813.0
1997.0
2194.0
2368.0
2542.0
3086.0
3260.0
3434.0
3608.0
3782.0
4226.0
4400.0
4574.0
5118.0
5292.0
5466.0
5640.0
5814.0
6890.0
7646.0
8090.0
8952.0
9496.0
9888.0
10062.0
10236.0
10410.0
10584.0
10758.0
11050.0
11335.0
11627.0
12071.0
13039.0
13583.0
14027.0
14471.0
14915.0
15359.0
15803.0
15977.0
16151.0
16325.0
16499.0
16663.0
17535.0
18406.0
18850.0
19242.0
19686.0
20353.0
20706.0
22188.0
22541.0
22994.0
23870.0
24092.0
24314.0
24536.0
24758.0
25088.0
25870.0
26092.0
26314.0
26536.0
26758.0
27088.0
28145.0
28926.0
29145.0
29367.0
29588.0
29800.0
30021.0
30243.0
30465.0
30686.0
30908.0
31130.0
31353.0
31575.0
32036.0
32598.0
33474.0
33936.0
34498.0
36145.0
36706.0
37168.0
37630.0
38092.0
38554.0
39016.0
39478.0
40192.0
40423.0
40653.0
40884.0
41115.0
41346.0
41576.0
41692.0
41923.0
42038.0
42384.0
42499.0
42614.0
42845.0
42960.0
43192.0
43423.0
43653.0
43884.0
44015.0
44471.0
44602.0
44717.0
44948.0
45179.0
45304.0
45859.0
45974.0
46102.0
46217.0
46332.0
46447.0
46563.0
46678.0
46793.0
46908.0
47023.0
47138.0
47253.0
47368.0
47609.0
48165.0
48280.0
48395.0
48626.0
48741.0
48856.0
49102.0
49558.0
49673.0
49788.0
49904.0
50019.0
50250.0
50605.0
54316.0
54872.0
55328.0
55559.0
55890.0
56121.0
56236.0
56351.0
56466.0
56582.0
56697.0
56812.0
57043.0
57499.0
57955.0
58411.0
60353.0
60706.0
62188.0
62541.0
62994.0
63819.0
64002.0
64188.0
64375.0
64561.0
64747.0
65100.0
65453.0
65806.0
66159.0
66747.0
67209.0
68135.0
68961.0
69887.0
70074.0
70261.0
70447.0
70633.0
70819.0
71002.0
71188.0
71375.0
74447.0
74909.0
75361.0
75813.0
76265.0
76717.0
77169.0
77621.0
78073.0
78525.0
78977.0
79429.0
79881.0
80329.0
80478.0
80628.0
80777.0
80927.0
81076.0
81226.0
81375.0
81525.0
81674.0
81824.0
81973.0
82123.0
82272.0
82422.0
82571.0
82721.0
82870.0
83019.0
83169.0
83318.0
83468.0
83617.0
83767.0
83916.0
84636.0
85191.0
85655.0
85999.0
86249.0
86499.0
86749.0
87114.0
88550.0
88895.0
89241.0
89586.0
89932.0
100327.0
100449.0
100671.0
100893.0
101215.0
102296.0
102779.0
103262.0
103384.0
103606.0
103728.0
103950.0
104171.0
104393.0
105086.0
105569.0
106152.0
106974.0
107456.0
107939.0
108861.0
109783.0
109905.0
110127.0
110249.0
110471.0
110593.0
110815.0
111037.0
111259.0
111589.0
114384.0
115206.0
115789.0
116371.0
116854.0
117436.0
118258.0
118741.0
119224.0
119606.0
119728.0
119905.0
119982.0
119982.0
119982.0
119982.0
119982.0
119982.0
119982.0
119982.0
119982.0
119982.0
119982.0
119982.0
119982.0
119982.0
119982.0
119982.0
119982.0
119982.0
119982.0
119982.0
119982.0
119982.0
119982.0
119982.0
120906.0
121381.0
121678.0
122143.0
122519.0
122715.0
123181.0
123557.0
123699.0
123841.0
124037.0
124179.0
124321.0
124463.0
124605.0
124747.0
124889.0
125355.0
125652.0
125794.0
126260.0
126557.0
126700.0
126841.0
126983.0
127125.0
127267.0
127409.0
127551.0
128017.0
129492.0
129634.0
129776.0
129918.0
130060.0
130346.0
130812.0
131008.0
131150.0
131292.0
131434.0
131576.0
131718.0
131860.0
132002.0
132143.0
132285.0
132427.0
132569.0
132711.0
132853.0
133419.0
133615.0
133757.0
133899.0
134041.0
134507.0
134703.0
134845.0
135041.0
135237.0
135379.0
135521.0
135663.0
135805.0
135947.0
136089.0
136231.0
136373.0
