2500.0
2984.0
3468.0
3952.0
4194.0
4435.0
4677.0
4919.0
5161.0
5403.0
5645.0
5887.0
6129.0
6371.0
6613.0
6855.0
7097.0
7339.0
7581.0
8265.0
8749.0
9233.0
9717.0
10201.0
10543.0
10785.0
11027.0
11269.0
11511.0
11753.0
12237.0
12721.0
13205.0
13688.0
14172.0
14414.0
14656.0
14898.0
20353.0
20706.0
22118.0
22471.0
22824.0
23176.0
32176.0
32529.0
32882.0
33059.0
33235.0
33412.0
33588.0
33765.0
33941.0
34118.0
34294.0
34471.0
34647.0
34824.0
35000.0
35176.0
35353.0
35529.0
35706.0
35882.0
36059.0
36235.0
36412.0
36588.0
36765.0
36941.0
37118.0
37294.0
37471.0
37647.0
37824.0
38000.0
38176.0
38353.0
38529.0
38706.0
38882.0
39059.0
39235.0
39412.0
39588.0
39765.0
39941.0
40353.0
40706.0
42118.0
42471.0
42824.0
43176.0
52176.0
52529.0
52882.0
53059.0
53235.0
53412.0
53588.0
53765.0
53941.0
54118.0
54294.0
54471.0
54647.0
54824.0
55000.0
55176.0
55353.0
55529.0
55706.0
55882.0
56059.0
56235.0
56412.0
56588.0
56765.0
56941.0
57118.0
57294.0
57471.0
57647.0
57824.0
58000.0
58176.0
58353.0
58529.0
58706.0
58882.0
59059.0
59235.0
59412.0
59588.0
59765.0
59941.0
60353.0
60706.0
62118.0
62471.0
62824.0
63176.0
72176.0
72529.0
72882.0
73059.0
73235.0
73412.0
73588.0
73765.0
73941.0
74118.0
74294.0
74471.0
74647.0
74824.0
75000.0
75176.0
75353.0
75529.0
75706.0
75882.0
76059.0
76235.0
76412.0
76588.0
76765.0
76941.0
77118.0
77294.0
77471.0
77647.0
77824.0
78000.0
78176.0
78353.0
78529.0
78706.0
78882.0
79059.0
79235.0
79412.0
79588.0
79765.0
80353.0
80706.0
82118.0
82471.0
82824.0
83176.0
83529.0
83882.0
84335.0
84688.0
85041.0
85394.0
85746.0
86099.0
86452.0
86905.0
87258.0
87611.0
88064.0
88516.0
89118.0
89801.0
89882.0
90064.0
90246.0
90428.0
90611.0
90793.0
90975.0
91157.0
91339.0
91521.0
91703.0
91885.0
92067.0
92249.0
92431.0
93118.0
93471.0
93824.0
94176.0
94529.0
94882.0
95235.0
95316.0
95498.0
95680.0
95862.0
96044.0
96226.0
96408.0
96590.0
96772.0
96954.0
97136.0
97318.0
97499.0
97681.0
97863.0
98045.0
98227.0
98409.0
98862.0
99805.0
100353.0
100706.0
102118.0
102471.0
102824.0
103176.0
112176.0
112529.0
112882.0
113059.0
113235.0
113412.0
113588.0
113765.0
113941.0
114118.0
114294.0
114471.0
114647.0
114824.0
115000.0
115176.0
115353.0
115529.0
115706.0
115882.0
116059.0
116235.0
116412.0
116588.0
116765.0
116941.0
117118.0
117294.0
117471.0
117647.0
117824.0
118000.0
118176.0
118353.0
118529.0
118706.0
118882.0
119059.0
119235.0
119412.0
119588.0
119765.0
119941.0
122500.0
123000.0
123200.0
123400.0
123600.0
123800.0
124000.0
124200.0
124300.0
124600.0
125000.0
125200.0
125600.0
127000.0
128200.0
128600.0
129000.0
129400.0
129800.0
130000.0
130200.0
130400.0
130600.0
130800.0
131000.0
131200.0
131400.0
131500.0
131800.0
132200.0
134600.0
135000.0
135200.0
135600.0
135800.0
136000.0
136200.0
136400.0
136600.0
136800.0
137000.0
137200.0
137400.0
137600.0
137800.0
138000.0
138200.0
138400.0
138600.0
138800.0
139000.0
139200.0
139400.0
139600.0
139800.0
