323.0
478.0
653.0
828.0
1939.0
2114.0
2289.0
2465.0
2640.0
2815.0
3529.0
3958.0
4272.0
4702.0
5232.0
8449.0
8624.0
8799.0
8974.0
9149.0
9324.0
9499.0
9674.0
10104.0
10435.0
10864.0
12114.0
12544.0
13075.0
13505.0
13935.0
14365.0
14896.0
15326.0
15757.0
16187.0
16618.0
17048.0
17470.0
17900.0
18330.0
18760.0
19190.0
19621.0
19951.0
20291.0
20537.6
24886.6
25133.2
25369.8
25616.4
25853.0
26089.6
26326.2
26562.8
26809.4
27056.0
27302.6
30527.1
30791.0
31056.0
31326.2
31562.8
31809.4
32045.0
32281.6
32518.2
32754.8
33001.4
33238.0
33474.6
33711.2
34211.2
34711.2
35211.2
35616.4
36011.6
36358.2
36694.8
37045.0
37381.6
37881.6
38228.2
38574.8
38921.4
39168.0
39668.0
39904.6
39986.8
40069.0
40151.2
40192.0
40233.4
40315.6
40423.0
40497.8
40580.0
40654.0
40662.2
40744.4
40826.6
40885.0
40908.8
40991.0
41116.0
41347.0
41829.0
42210.0
42591.0
42823.0
43054.0
43285.0
43516.0
43747.0
44229.0
44710.0
45192.0
45674.0
49154.0
49736.0
50071.0
50553.0
51035.0
54347.0
54829.0
55311.0
55793.0
56275.0
56756.0
57238.0
57720.0
58202.0
58684.0
59166.0
59648.0
59885.0
59885.0
59885.0
59885.0
59885.0
59885.0
59885.0
59885.0
59885.0
59885.0
59885.0
59885.0
59885.0
59885.0
59885.0
59885.0
59885.0
59885.0
59885.0
59885.0
59885.0
59885.0
59885.0
59885.0
59885.0
59885.0
59885.0
59885.0
59885.0
59885.0
59885.0
59885.0
60192.0
60423.0
60653.0
60884.0
61115.0
62115.0
62346.0
62577.0
62808.0
62939.0
63169.0
63609.0
63950.0
64582.0
65493.0
68296.0
69107.0
69338.0
69569.0
69800.0
69931.0
70169.0
70409.0
70649.0
70780.0
70915.0
71046.0
71177.0
71308.0
71439.0
71677.0
72028.0
72379.0
72820.0
73265.0
73496.0
73727.0
73858.0
74089.0
74220.0
74351.0
74482.0
74613.0
74744.0
74875.0
75006.0
75137.0
75948.0
76759.0
76990.0
77227.0
77578.0
78023.0
78468.0
78914.0
79359.0
79805.0
80192.0
80423.0
80654.0
80885.0
81116.0
81347.0
81578.0
81809.0
82049.0
82280.0
82511.0
82742.0
82973.0
83204.0
83435.0
83666.0
83897.0
84128.0
84359.0
84590.0
84821.0
85052.0
85283.0
85514.0
85745.0
86128.0
86716.0
87204.0
87587.0
88566.0
89049.0
89432.0
89815.0
89973.0
90131.0
90289.0
90447.0
90616.0
90774.0
90933.0
91091.0
91249.0
91418.0
91578.0
91737.0
91897.0
92056.0
92288.0
92671.0
93154.0
93737.0
94320.0
95552.0
96035.0
96418.0
96801.0
96960.0
97119.0
97278.0
97437.0
97596.0
97755.0
97914.0
98074.0
98233.0
98393.0
98552.0
98712.0
98800.0
100323.0
100478.0
100634.0
100789.0
101121.0
102121.0
102543.0
102698.0
102950.0
103374.0
103530.0
103685.0
103841.0
104096.0
104252.0
104407.0
104563.0
104718.0
105140.0
105496.0
105653.0
105809.0
105965.0
106388.0
108496.0
108663.0
110588.0
111010.0
111166.0
111333.0
111500.0
111666.0
111833.0
112000.0
112166.0
112333.0
112500.0
112666.0
112833.0
113000.0
113166.0
113333.0
113856.0
114024.0
114189.0
114355.0
114524.0
114689.0
114789.0
114955.0
115478.0
115901.0
116323.0
116846.0
117269.0
117801.0
117968.0
118134.0
118290.0
118457.0
118624.0
118791.0
118958.0
119125.0
119291.0
119458.0
119625.0
119791.0
120300.0
120400.0
120600.0
121200.0
121400.0
121600.0
121800.0
122000.0
122200.0
122400.0
122600.0
122800.0
123000.0
123200.0
123400.0
123600.0
123800.0
124000.0
124200.0
124400.0
124600.0
125200.0
125400.0
125600.0
125800.0
126000.0
126200.0
126400.0
126600.0
126800.0
127000.0
127200.0
127400.0
127600.0
128000.0
128200.0
128400.0
130000.0
130100.0
130200.0
130400.0
130600.0
130800.0
131000.0
131200.0
131400.0
131600.0
131800.0
132000.0
132200.0
132400.0
132600.0
132800.0
133000.0
133200.0
133400.0
133600.0
133800.0
134000.0
134200.0
134400.0
134600.0
134800.0
135000.0
135200.0
135400.0
135600.0
135800.0
136000.0
136200.0
136400.0
136600.0
136800.0
137000.0
137200.0
137400.0
137600.0
137800.0
138000.0
138200.0
138400.0
138600.0
138800.0
139000.0
139200.0
139400.0
139600.0
139800.0
